500 1000 10 2500
0 1 w 40.877983 94.882397 10.000000 3 6 0.480874
0 1 t 42.656223 98.284195 6 8.508696
1 1 t 44.182240 91.023655 6 6.728139
1 2 w 33.867949 5.458004 10.000000 3 6 0.562604
2 2 t 30.190570 2.087111 6 8.106937
3 2 t 36.538761 7.224212 6 2.831422
2 6 w 26.342588 82.131592 10.000000 3 6 0.493178
4 6 t 26.696668 78.326078 6 9.398787
5 6 t 24.876001 83.129726 6 2.767242
3 9 w 6.220762 35.207944 10.000000 3 6 0.506806
6 9 t 6.645699 34.360118 6 1.589646
7 9 t 6.967517 31.526843 6 6.678634
4 10 w 12.299662 39.287884 10.000000 3 6 0.582953
8 10 t 14.370020 38.597843 6 6.412409
9 10 t 9.825350 42.206555 6 1.826388
5 13 w 20.559125 79.135251 10.000000 3 6 0.496507
10 13 t 17.277897 80.698757 6 0.206941
11 13 t 24.081095 81.654757 6 8.094033
6 14 w 14.700872 67.260726 10.000000 3 6 0.550543
12 14 t 17.193742 68.148460 6 9.349947
13 14 t 18.371232 64.276665 6 0.768881
7 16 w 14.563189 31.601308 10.000000 3 6 0.572311
14 16 t 12.019638 29.270897 6 8.484061
15 16 t 17.321232 33.599522 6 0.932267
8 21 w 13.132240 74.058267 10.000000 3 6 0.439472
16 21 t 14.033496 70.526553 6 4.637211
17 21 t 15.102140 70.526421 6 5.604323
9 23 w 55.010612 4.881897 10.000000 3 6 0.401455
18 23 t 54.502155 7.508953 6 4.525246
19 23 t 53.778608 5.981077 6 5.830131
10 25 w 66.857854 1.974237 10.000000 3 6 0.545687
20 25 t 68.879471 -0.064845 6 8.711795
21 25 t 63.594201 4.425502 6 4.917252
11 26 w 36.652721 55.753585 10.000000 3 6 0.473456
12 26 w 86.018846 40.980411 10.000000 3 6 0.454040
13 26 w 43.493817 88.010777 10.000000 3 6 0.398753
22 26 t 35.910993 57.222630 6 6.721397
23 26 t 36.191793 52.714223 6 6.619094
24 26 t 84.874884 44.813079 6 8.443067
25 26 t 90.012752 43.490209 6 7.120115
26 26 t 44.601797 87.043587 6 4.153472
27 26 t 44.845219 89.232471 6 4.967256
14 29 w 71.276786 68.016208 10.000000 3 6 0.485738
28 29 t 71.137959 69.734286 6 8.132713
29 29 t 73.004470 69.078639 6 0.452412
15 32 w 57.827122 87.482976 10.000000 3 6 0.490891
30 32 t 54.717457 88.944884 6 7.229890
31 32 t 58.599614 84.060182 6 2.202471
16 33 w 3.782709 92.045114 10.000000 3 6 0.431877
32 33 t 1.082745 92.346859 6 8.285699
33 33 t 5.156199 94.215361 6 6.188440
17 35 w 31.072859 57.679574 10.000000 3 6 0.497762
34 35 t 28.216526 58.671173 6 0.279959
35 35 t 27.590772 60.679294 6 4.392350
18 36 w 40.652197 50.266725 10.000000 3 6 0.534623
36 36 t 40.024159 51.526336 6 2.418939
37 36 t 37.124285 46.951987 6 3.248998
19 39 w 82.131060 64.527761 10.000000 3 6 0.540427
38 39 t 85.216405 61.256457 6 3.307874
39 39 t 83.628619 65.110821 6 3.751550
20 40 w 85.207128 15.540783 10.000000 3 6 0.572308
40 40 t 88.857932 12.629226 6 2.934988
41 40 t 82.560863 14.247464 6 2.917012
21 42 w 96.606452 52.777381 10.000000 3 6 0.490832
42 42 t 92.621917 49.755742 6 9.644834
43 42 t 92.791237 51.941835 6 0.129391
22 46 w 7.536605 73.235332 10.000000 3 6 0.549116
23 46 w 60.547843 0.521160 10.000000 3 6 0.487011
44 46 t 4.551187 70.972839 6 5.912965
45 46 t 7.944277 73.174118 6 8.519055
46 46 t 60.427159 -1.264999 6 5.565263
47 46 t 60.428538 -1.880929 6 6.079972
24 48 w 59.154581 52.494868 10.000000 3 6 0.506841
25 48 w 84.122733 92.767966 10.000000 3 6 0.477282
48 48 t 57.965986 49.783416 6 3.560590
49 48 t 58.748845 56.467396 6 2.639243
50 48 t 82.650500 95.303204 6 3.434796
51 48 t 86.717840 92.754138 6 5.730897
26 49 w 48.420030 62.474130 10.000000 3 6 0.568054
27 49 w 85.017690 1.288902 10.000000 3 6 0.579152
52 49 t 48.854417 63.770155 6 3.731954
53 49 t 51.289862 64.570102 6 4.405703
54 49 t 82.692117 4.359145 6 4.441020
55 49 t 83.547308 1.527726 6 0.594957
28 51 w 98.924994 42.449858 10.000000 3 6 0.533040
56 51 t 101.535868 45.420201 6 1.241355
57 51 t 98.006608 40.602227 6 6.038234
29 52 w 53.270815 38.922512 10.000000 3 6 0.630578
58 52 t 56.265140 36.090303 6 7.779701
59 52 t 56.939050 42.082213 6 4.213954
30 54 w 28.255750 16.574902 10.000000 3 6 0.488927
31 54 w 36.990969 79.666483 10.000000 3 6 0.473320
60 54 t 29.329556 18.379726 6 4.229021
61 54 t 30.631058 14.863041 6 3.518197
62 54 t 35.755422 80.520891 6 5.149626
63 54 t 33.084284 79.304268 6 4.120863
32 59 w 21.629070 88.612747 10.000000 3 6 0.566742
64 59 t 22.162077 88.976493 6 6.029463
65 59 t 19.071117 92.096954 6 9.311300
33 60 w 24.042359 16.613656 10.000000 3 6 0.502329
66 60 t 27.594866 14.739287 6 6.353970
67 60 t 27.083932 16.200706 6 9.402933
34 62 w 28.945498 50.726985 10.000000 3 6 0.412023
68 62 t 28.625357 51.639365 6 1.348774
69 62 t 32.005274 46.893144 6 4.997886
35 67 w 1.379356 75.120279 10.000000 3 6 0.488759
36 67 w 63.140619 17.580878 10.000000 3 6 0.529636
70 67 t -1.649756 72.258966 6 6.872920
71 67 t 0.501657 71.427099 6 2.842504
72 67 t 59.591281 17.840901 6 1.314359
73 67 t 63.947795 20.239099 6 0.628548
37 75 w 12.321771 28.237093 10.000000 3 6 0.523596
38 75 w 25.211358 37.592304 10.000000 3 6 0.441107
74 75 t 10.979195 28.110333 6 2.868138
75 75 t 11.037345 30.362815 6 5.226019
76 75 t 26.680177 35.103206 6 2.713716
77 75 t 21.574057 38.741597 6 0.992043
39 77 w 16.962987 11.689860 10.000000 3 6 0.439954
78 77 t 17.218981 8.725716 6 4.611348
79 77 t 13.371384 10.255658 6 6.460954
40 79 w 9.777077 77.762192 10.000000 3 6 0.515170
80 79 t 6.587438 74.848719 6 6.245341
81 79 t 10.782202 79.263015 6 9.342708
41 81 w 98.117376 1.473528 10.000000 3 6 0.472319
82 81 t 101.276539 -0.374412 6 7.053825
83 81 t 97.885694 2.138804 6 2.000131
42 83 w 7.865795 60.944036 10.000000 3 6 0.593327
43 83 w 77.873134 90.916229 10.000000 3 6 0.447603
84 83 t 7.231943 61.647126 6 4.139467
85 83 t 8.157233 58.450238 6 0.740860
86 83 t 79.028402 91.951982 6 1.301785
87 83 t 74.125814 90.509982 6 1.051748
44 85 w 7.185877 80.511818 10.000000 3 6 0.568404
88 85 t 6.098533 78.058277 6 2.629076
89 85 t 4.429923 77.273662 6 0.726716
45 87 w 27.921741 36.262372 10.000000 3 6 0.477923
90 87 t 25.488240 35.183467 6 4.571739
91 87 t 26.441351 37.543530 6 2.168161
46 88 w 8.558724 12.330616 10.000000 3 6 0.575151
92 88 t 9.210494 13.084784 6 7.810050
93 88 t 10.975598 12.655358 6 5.112341
47 91 w 17.608527 20.744357 10.000000 3 6 0.523462
94 91 t 19.225961 19.651972 6 4.726995
95 91 t 21.163109 20.569344 6 5.839574
48 94 w 42.263293 76.153636 10.000000 3 6 0.537906
96 94 t 41.845773 78.457139 6 1.166477
97 94 t 41.960202 77.403997 6 3.031651
49 96 w 93.293902 58.086905 10.000000 3 6 0.542093
98 96 t 94.291536 57.803236 6 2.743612
99 96 t 91.728390 61.010078 6 9.995062
50 97 w 24.456064 54.516252 10.000000 3 6 0.527816
51 97 w 47.364061 89.654468 10.000000 3 6 0.531329
52 97 w 57.604818 70.031681 10.000000 3 6 0.492066
100 97 t 21.025453 53.545360 6 7.709880
101 97 t 22.784751 55.068083 6 6.742768
102 97 t 43.753398 93.185880 6 5.030997
103 97 t 48.655088 86.248268 6 1.420076
104 97 t 60.695273 70.865195 6 1.277312
105 97 t 56.430250 73.356691 6 1.893723
53 99 w 65.754342 27.179960 10.000000 3 6 0.446174
106 99 t 68.430412 28.285493 6 3.225667
107 99 t 66.873551 24.779009 6 4.733663
54 101 w 44.755719 23.600614 10.000000 3 6 0.581321
55 101 w 1.985267 11.440204 10.000000 3 6 0.424737
108 101 t 47.154719 19.717338 6 3.584188
109 101 t 43.804333 23.036396 6 1.852599
110 101 t 5.040384 11.567732 6 8.406832
111 101 t 4.826578 7.494448 6 7.914412
56 103 w 0.283365 19.102955 10.000000 3 6 0.497203
112 103 t -1.077641 21.570415 6 7.426226
113 103 t 0.172456 18.322584 6 7.095935
57 104 w 68.853045 81.001120 10.000000 3 6 0.448136
58 104 w 29.154870 35.563146 10.000000 3 6 0.506996
114 104 t 66.386207 78.156759 6 4.536511
115 104 t 70.532257 81.610032 6 3.043617
116 104 t 27.699577 31.954206 6 5.335878
117 104 t 27.859472 32.524774 6 4.008017
59 107 w 61.062099 29.404398 10.000000 3 6 0.465779
118 107 t 58.073444 33.035443 6 1.531109
119 107 t 60.311622 25.649505 6 7.986957
60 110 w 98.090583 36.432519 10.000000 3 6 0.510068
120 110 t 97.429008 39.027734 6 4.980744
121 110 t 97.429008 39.027734 6 5.574591
61 117 w 70.933997 78.530284 10.000000 3 6 0.491808
62 117 w 59.816115 59.875101 10.000000 3 6 0.514999
122 117 t 67.182134 76.930662 6 2.117727
123 117 t 67.190739 79.133395 6 9.247798
124 117 t 56.598340 59.216728 6 1.939333
125 117 t 60.419091 62.646806 6 1.922228
63 121 w 34.218956 77.976905 10.000000 3 6 0.464433
126 121 t 31.333707 77.409572 6 0.458786
127 121 t 35.956516 75.279390 6 0.639324
64 123 w 76.408741 57.409375 10.000000 3 6 0.495164
128 123 t 77.951224 58.594729 6 7.278531
129 123 t 76.625815 58.861680 6 7.169380
65 124 w 42.128745 56.642297 10.000000 3 6 0.457186
130 124 t 43.745954 60.299558 6 4.355763
131 124 t 42.966418 52.791655 6 1.085048
66 128 w 48.421388 27.269474 10.000000 3 6 0.502465
132 128 t 51.230071 24.187392 6 0.933457
133 128 t 47.082995 30.277185 6 4.416768
67 129 w 39.163131 18.562854 10.000000 3 6 0.438233
134 129 t 37.099271 19.137436 6 0.338061
135 129 t 40.752699 14.677204 6 8.736961
68 130 w 62.724493 30.751515 10.000000 3 6 0.521991
69 130 w 45.281265 4.501340 10.000000 3 6 0.572362
70 130 w 76.750829 20.785901 10.000000 3 6 0.515364
71 130 w 48.195488 38.887021 10.000000 3 6 0.521166
136 130 t 59.901119 31.221473 6 8.372865
137 130 t 65.037373 32.768125 6 10.044654
138 130 t 44.885584 3.722122 6 6.746217
139 130 t 42.374733 6.730541 6 3.916848
140 130 t 72.948733 17.682741 6 3.208401
141 130 t 73.086514 20.758359 6 4.323651
142 130 t 45.593705 35.341718 6 8.280303
143 130 t 51.875543 42.593824 6 0.390314
72 131 w 20.690818 10.893332 10.000000 3 6 0.419145
144 131 t 17.027730 13.548973 6 1.391610
145 131 t 22.080482 7.526874 6 0.154648
73 132 w 46.494112 70.646293 10.000000 3 6 0.489819
146 132 t 48.836729 72.584664 6 2.849360
147 132 t 46.323375 68.077719 6 8.279470
74 134 w 62.222599 89.574497 10.000000 3 6 0.477928
148 134 t 58.755050 89.399677 6 3.847207
149 134 t 63.143294 91.116187 6 4.692740
75 135 w 70.842365 37.093528 10.000000 3 6 0.523065
150 135 t 73.358228 38.445499 6 8.938547
151 135 t 67.506559 36.587521 6 2.950138
76 138 w 39.347205 12.021760 10.000000 3 6 0.437833
152 138 t 39.387128 9.089242 6 4.255144
153 138 t 36.864739 12.935780 6 4.880401
77 141 w 87.512608 25.203914 10.000000 3 6 0.487325
78 141 w 48.610298 29.411852 10.000000 3 6 0.531581
154 141 t 85.838216 27.778029 6 2.687468
155 141 t 90.226957 22.182863 6 7.753298
156 141 t 49.181696 31.326563 6 2.459879
157 141 t 44.820132 29.585717 6 9.818064
79 142 w 9.989721 37.153990 10.000000 3 6 0.512018
158 142 t 6.304927 34.182254 6 8.853875
159 142 t 13.115852 37.409225 6 0.316675
80 148 w 75.830567 24.581695 10.000000 3 6 0.541884
160 148 t 72.167399 26.522344 6 3.078182
161 148 t 79.446362 21.331028 6 0.741862
81 149 w 58.479302 37.053625 10.000000 3 6 0.504423
162 149 t 60.961871 41.048790 6 1.920462
163 149 t 55.276570 36.619729 6 3.269660
82 151 w 50.057721 85.657408 10.000000 3 6 0.458382
164 151 t 51.815119 83.394253 6 1.434733
165 151 t 51.873763 87.861984 6 5.832992
83 155 w 75.927536 33.582938 10.000000 3 6 0.466641
166 155 t 78.950470 33.419374 6 5.741097
167 155 t 73.723495 35.218672 6 3.290324
84 156 w 36.055169 21.372491 10.000000 3 6 0.494072
168 156 t 34.174188 23.806168 6 7.659351
169 156 t 34.692750 19.727669 6 2.650201
85 158 w 9.824539 55.271135 10.000000 3 6 0.466795
170 158 t 12.385381 55.606491 6 1.913947
171 158 t 8.295572 58.631926 6 8.537849
86 161 w 72.209649 21.002229 10.000000 3 6 0.506489
172 161 t 72.637777 24.647654 6 1.737252
173 161 t 70.475060 17.161788 6 3.394881
87 163 w 16.825570 21.304242 10.000000 3 6 0.488020
174 163 t 17.417635 23.661552 6 2.042129
175 163 t 18.215899 22.212482 6 6.971813
88 167 w 73.214108 71.592940 10.000000 3 6 0.476541
176 167 t 71.200651 69.105505 6 2.179437
177 167 t 72.300218 69.065236 6 0.956656
89 169 w 89.795617 14.994590 10.000000 3 6 0.445398
178 169 t 92.894574 11.500404 6 7.312811
179 169 t 86.569428 16.505244 6 7.591323
90 170 w 26.454354 39.202604 10.000000 3 6 0.595105
180 170 t 25.923696 42.565318 6 3.260696
181 170 t 22.679799 41.744878 6 6.801589
91 172 w 45.718393 24.478154 10.000000 3 6 0.490398
182 172 t 47.426887 25.598020 6 4.329204
183 172 t 47.972735 22.787707 6 4.982650
92 173 w 5.360235 87.422278 10.000000 3 6 0.446624
184 173 t 9.041123 85.185773 6 3.143255
185 173 t 9.073643 83.872369 6 4.152902
93 174 w 2.873612 74.053467 10.000000 3 6 0.441907
94 174 w 49.164770 72.222420 10.000000 3 6 0.506959
186 174 t -0.573987 74.804072 6 6.491481
187 174 t 6.080876 75.317639 6 3.322842
188 174 t 51.997979 70.089936 6 1.312519
189 174 t 49.687895 75.280168 6 4.522196
95 177 w 76.568776 84.032507 10.000000 3 6 0.554215
190 177 t 79.447624 80.690805 6 9.078293
191 177 t 74.356365 83.676782 6 5.012595
96 178 w 91.546172 48.319121 10.000000 3 6 0.476506
192 178 t 93.305778 46.454377 6 4.904115
193 178 t 88.058284 44.478374 6 0.031624
97 181 w 61.827793 45.035086 10.000000 3 6 0.468404
194 181 t 65.128410 43.736058 6 1.692784
195 181 t 62.293219 43.278552 6 5.229958
98 182 w 41.744984 78.851195 10.000000 3 6 0.458866
196 182 t 45.418906 80.212740 6 7.452257
197 182 t 42.459953 77.460590 6 0.731162
99 184 w 41.565836 28.490442 10.000000 3 6 0.524151
198 184 t 43.407718 28.782792 6 3.152360
199 184 t 38.910468 27.085441 6 4.619778
100 186 w 76.648750 28.875373 10.000000 3 6 0.472331
101 186 w 17.562864 24.308737 10.000000 3 6 0.621722
200 186 t 75.228769 28.311359 6 0.819259
201 186 t 80.249929 28.201910 6 0.985875
202 186 t 16.496361 24.593513 6 1.429573
203 186 t 20.123128 23.019055 6 6.426943
102 187 w 22.101989 71.159806 10.000000 3 6 0.512805
103 187 w 45.686808 74.849352 10.000000 3 6 0.484031
104 187 w 53.209306 46.342711 10.000000 3 6 0.482796
105 187 w 45.710045 26.106045 10.000000 3 6 0.381798
204 187 t 18.777721 73.504323 6 7.737004
205 187 t 23.160768 69.236071 6 6.569721
206 187 t 49.272849 78.567441 6 0.555919
207 187 t 45.468826 72.828074 6 0.980913
208 187 t 56.751810 46.267711 6 8.331410
209 187 t 50.545568 45.455230 6 1.930321
210 187 t 41.876349 26.486819 6 3.591436
211 187 t 48.324429 29.003376 6 7.600682
106 190 w 87.095507 91.111029 10.000000 3 6 0.518612
212 190 t 87.263641 92.669734 6 2.320306
213 190 t 87.038021 94.627620 6 2.364226
107 192 w 1.470526 75.562573 10.000000 3 6 0.411886
214 192 t -1.565495 77.701476 6 1.585549
215 192 t -1.250786 72.922728 6 2.390312
108 197 w 11.512911 21.756494 10.000000 3 6 0.549971
109 197 w 19.743332 72.212206 10.000000 3 6 0.556134
216 197 t 9.569898 23.790496 6 6.160825
217 197 t 10.066812 24.446677 6 9.733731
218 197 t 23.084502 69.436797 6 5.815266
219 197 t 19.911215 71.873758 6 1.726886
110 198 w 60.466063 90.926593 10.000000 3 6 0.497590
220 198 t 60.908669 92.864498 6 8.117883
221 198 t 61.451099 87.968626 6 2.720355
111 199 w 48.179783 82.725392 10.000000 3 6 0.488370
112 199 w 87.269433 66.492369 10.000000 3 6 0.449043
222 199 t 48.317929 82.850105 6 8.553012
223 199 t 51.939668 86.259890 6 2.350636
224 199 t 86.836031 67.403281 6 3.016761
225 199 t 88.789081 67.248814 6 1.691093
113 202 w 65.191775 66.652076 10.000000 3 6 0.534699
226 202 t 67.763649 65.115726 6 6.519322
227 202 t 65.698410 63.834833 6 9.843032
114 203 w 59.632649 59.231452 10.000000 3 6 0.554069
228 203 t 63.591790 62.873753 6 2.258917
229 203 t 56.809013 59.466782 6 2.202579
115 204 w 85.357425 61.091005 10.000000 3 6 0.523488
116 204 w 30.418463 0.935757 10.000000 3 6 0.409283
230 204 t 88.359143 63.138868 6 6.211035
231 204 t 88.004719 61.200504 6 2.185677
232 204 t 33.460569 -0.235395 6 5.563721
233 204 t 30.895293 2.031804 6 8.798144
117 205 w 92.150849 40.648889 10.000000 3 6 0.408139
118 205 w 36.182367 96.349826 10.000000 3 6 0.515743
234 205 t 89.221058 43.680971 6 1.756937
235 205 t 88.549791 37.389301 6 6.535618
236 205 t 37.237056 98.081234 6 2.072017
237 205 t 39.765622 94.128362 6 2.982227
119 208 w 5.326525 31.249067 10.000000 3 6 0.512551
238 208 t 1.343498 31.992615 6 2.427128
239 208 t 3.789847 33.168753 6 8.574091
120 212 w 44.017747 41.903082 10.000000 3 6 0.559430
240 212 t 42.975501 39.541972 6 5.740205
241 212 t 40.352770 42.477978 6 3.246438
121 213 w 45.225506 58.469880 10.000000 3 6 0.402553
242 213 t 48.286420 60.588843 6 1.931165
243 213 t 44.485879 60.442168 6 4.526882
122 219 w 49.475613 54.184482 10.000000 3 6 0.529602
123 219 w 28.334721 29.306116 10.000000 3 6 0.497540
244 219 t 51.448480 55.026767 6 0.400575
245 219 t 51.065633 50.428492 6 5.815192
246 219 t 29.649444 28.661720 6 1.447615
247 219 t 28.097869 31.999079 6 6.311164
124 220 w 59.206916 88.925405 10.000000 3 6 0.460114
248 220 t 55.479298 89.423707 6 5.004483
249 220 t 58.247776 85.885076 6 9.948359
125 221 w 12.987774 78.713152 10.000000 3 6 0.531833
250 221 t 13.838873 77.969764 6 2.110065
251 221 t 16.356404 78.514981 6 3.010473
126 228 w 77.827276 33.557969 10.000000 3 6 0.499134
252 228 t 74.756758 32.421970 6 7.269750
253 228 t 81.121765 32.250531 6 0.745959
127 229 w 19.430961 15.682552 10.000000 3 6 0.509769
128 229 w 41.548985 31.789518 10.000000 3 6 0.481997
254 229 t 21.098540 19.599149 6 1.484779
255 229 t 19.913124 15.259255 6 6.619232
256 229 t 41.331874 29.871385 6 3.999396
257 229 t 43.250022 28.853277 6 2.626548
129 235 w 72.132095 14.312322 10.000000 3 6 0.469414
258 235 t 69.072686 18.063189 6 4.203280
259 235 t 71.802070 11.114305 6 2.249889
130 236 w 55.961664 65.684902 10.000000 3 6 0.453126
260 236 t 55.046667 69.557687 6 0.810848
261 236 t 53.777348 68.703234 6 1.862870
131 237 w 32.515711 14.870200 10.000000 3 6 0.508653
262 237 t 34.924204 13.003383 6 7.941996
263 237 t 34.924204 13.003383 6 7.755304
132 238 w 69.694392 88.443780 10.000000 3 6 0.472382
264 238 t 70.957423 85.096794 6 2.405986
265 238 t 69.215199 92.048781 6 4.609950
133 239 w 1.286617 99.174556 10.000000 3 6 0.545897
134 239 w 89.939228 4.084862 10.000000 3 6 0.496955
266 239 t -1.540358 99.510613 6 2.885432
267 239 t 1.449321 97.939775 6 3.704450
268 239 t 88.338873 7.636524 6 3.233582
269 239 t 93.058761 4.433925 6 7.756515
135 245 w 29.518133 95.104365 10.000000 3 6 0.555149
136 245 w 99.768822 27.178989 10.000000 3 6 0.464574
270 245 t 28.117308 93.022205 6 8.255698
271 245 t 30.473342 98.052121 6 0.488217
272 245 t 99.136112 30.293622 6 9.218439
273 245 t 97.847984 27.554757 6 8.436804
137 249 w 94.681404 69.920646 10.000000 3 6 0.529595
274 249 t 91.691554 71.716719 6 1.463956
275 249 t 95.908917 66.091669 6 7.869228
138 250 w 52.517384 0.465637 10.000000 3 6 0.566344
276 250 t 52.314814 0.384431 6 1.797100
277 250 t 55.366082 -3.308978 6 7.964001
139 259 w 18.998453 92.198621 10.000000 3 6 0.454761
140 259 w 29.472574 62.022915 10.000000 3 6 0.468999
278 259 t 22.659849 89.276653 6 2.655863
279 259 t 15.810191 90.362568 6 9.121964
280 259 t 31.689183 61.787237 6 2.675094
281 259 t 29.385440 62.744742 6 2.615732
141 264 w 10.245996 34.687163 10.000000 3 6 0.479609
282 264 t 12.229883 34.317290 6 0.465959
283 264 t 6.607252 32.733790 6 0.880824
142 266 w 55.588624 14.559301 10.000000 3 6 0.418478
284 266 t 57.954932 17.022531 6 3.261957
285 266 t 54.885381 14.840597 6 2.488808
143 267 w 7.905789 18.928646 10.000000 3 6 0.552404
286 267 t 7.626080 20.414616 6 5.568101
287 267 t 8.174661 22.920585 6 4.730760
144 269 w 92.272248 91.331901 10.000000 3 6 0.462763
288 269 t 94.789060 92.747448 6 3.936369
289 269 t 95.796811 93.162597 6 3.354225
145 272 w 63.249408 51.807894 10.000000 3 6 0.551557
290 272 t 63.220757 55.252228 6 4.987597
291 272 t 60.446830 50.523132 6 5.839525
146 281 w 28.653270 21.118836 10.000000 3 6 0.489325
292 281 t 25.735198 19.586272 6 4.386209
293 281 t 30.344803 18.382505 6 0.750969
147 282 w 91.456854 49.237081 10.000000 3 6 0.519800
148 282 w 87.940275 82.795443 10.000000 3 6 0.502681
294 282 t 94.408268 51.891535 6 6.475552
295 282 t 94.671303 51.735247 6 2.420095
296 282 t 88.603804 79.450493 6 1.654221
297 282 t 87.725223 86.347742 6 0.848127
149 283 w 28.839117 38.027761 10.000000 3 6 0.493487
150 283 w 20.983922 41.272987 10.000000 3 6 0.529582
298 283 t 32.183405 34.378657 6 8.678425
299 283 t 32.419618 35.756788 6 3.728762
300 283 t 24.586385 42.139509 6 1.264682
301 283 t 24.834951 37.665841 6 2.658368
151 284 w 21.948803 65.402064 10.000000 3 6 0.558400
152 284 w 90.077562 66.396938 10.000000 3 6 0.488126
153 284 w 53.104671 48.263806 10.000000 3 6 0.457729
302 284 t 24.695141 67.973516 6 5.178522
303 284 t 18.028537 63.842719 6 8.125776
304 284 t 90.937079 65.943468 6 8.557658
305 284 t 86.695953 68.012814 6 1.045544
306 284 t 53.172009 46.058165 6 4.882466
307 284 t 49.752996 50.242500 6 2.087369
154 285 w 92.628440 21.200144 10.000000 3 6 0.569260
155 285 w 33.446394 49.568337 10.000000 3 6 0.551753
308 285 t 90.958632 19.611133 6 1.159278
309 285 t 89.087341 22.047267 6 6.170959
310 285 t 36.034541 51.923971 6 2.413861
311 285 t 34.056397 48.129978 6 7.676650
156 286 w 67.878607 0.515584 10.000000 3 6 0.551094
157 286 w 54.301369 69.425911 10.000000 3 6 0.488029
312 286 t 66.102043 4.301097 6 9.328929
313 286 t 65.541790 4.037225 6 10.238976
314 286 t 56.266938 67.249253 6 2.921109
315 286 t 57.249048 72.250511 6 4.503898
158 291 w 55.041170 91.125091 10.000000 3 6 0.514461
316 291 t 54.825282 92.130463 6 2.737869
317 291 t 54.065416 93.528394 6 1.974811
159 293 w 69.201834 15.697066 10.000000 3 6 0.509915
318 293 t 68.111097 13.929249 6 0.054201
319 293 t 70.979179 16.206560 6 5.275712
160 294 w 35.412117 72.622663 10.000000 3 6 0.519137
320 294 t 36.897222 74.534461 6 8.528436
321 294 t 37.014040 75.463635 6 3.594508
161 298 w 82.900086 5.041332 10.000000 3 6 0.527551
322 298 t 80.296426 4.827359 6 3.465544
323 298 t 80.296426 4.827359 6 2.855860
162 300 w 25.144938 60.393198 10.000000 3 6 0.481250
324 300 t 22.711229 57.317993 6 3.179297
325 300 t 23.515732 57.347571 6 4.303131
163 301 w 12.573088 22.348071 10.000000 3 6 0.556320
326 301 t 12.027025 24.280831 6 6.559988
327 301 t 12.027025 24.280831 6 7.209800
164 302 w 43.638073 5.342273 10.000000 3 6 0.457114
328 302 t 47.449105 8.648631 6 8.358573
329 302 t 42.147637 6.499954 6 1.101360
165 306 w 17.205161 63.046598 10.000000 3 6 0.535241
330 306 t 20.795286 60.171072 6 1.006256
331 306 t 19.372210 64.405695 6 5.144691
166 309 w 87.772203 46.060790 10.000000 3 6 0.548477
332 309 t 87.354559 47.327246 6 0.274013
333 309 t 85.217077 44.688108 6 6.601379
167 311 w 37.498816 55.588958 10.000000 3 6 0.458458
334 311 t 41.088158 54.372100 6 3.328460
335 311 t 39.537999 52.464474 6 1.267283
168 312 w 54.643148 38.012419 10.000000 3 6 0.500666
336 312 t 54.873445 39.848797 6 4.081592
337 312 t 57.244429 39.445507 6 3.459616
169 314 w 86.457136 64.281530 10.000000 3 6 0.433577
338 314 t 87.974466 68.244069 6 9.046407
339 314 t 86.379401 68.075156 6 8.948630
170 315 w 79.457359 53.843878 10.000000 3 6 0.676866
340 315 t 82.995600 51.862566 6 1.033718
341 315 t 76.553712 51.453826 6 6.404032
171 316 w 50.179225 0.223555 10.000000 3 6 0.526358
342 316 t 46.890068 -2.123991 6 7.638308
343 316 t 54.154584 1.972850 6 2.188852
172 319 w 53.833133 35.544751 10.000000 3 6 0.563936
344 319 t 52.532380 36.973735 6 5.142076
345 319 t 52.179501 38.114826 6 2.667297
173 322 w 46.366262 19.449566 10.000000 3 6 0.547394
174 322 w 14.825863 76.271813 10.000000 3 6 0.538028
346 322 t 42.939217 20.469264 6 2.623838
347 322 t 44.022194 17.799817 6 7.084797
348 322 t 13.175093 78.886543 6 2.517720
349 322 t 12.862204 74.180781 6 5.537267
175 323 w 22.880080 75.513504 10.000000 3 6 0.426607
350 323 t 24.159154 72.893374 6 1.966639
351 323 t 23.181638 73.056109 6 6.331640
176 325 w 62.334270 91.247927 10.000000 3 6 0.538866
352 325 t 61.541043 88.938107 6 8.034568
353 325 t 62.722378 93.404955 6 2.651393
177 326 w 96.611351 61.774693 10.000000 3 6 0.423886
178 326 w 35.211817 72.388135 10.000000 3 6 0.516275
354 326 t 100.265571 58.726505 6 2.426873
355 326 t 98.780786 61.325437 6 0.220634
356 326 t 33.910935 75.816420 6 2.330292
357 326 t 35.466208 73.569227 6 7.535332
179 328 w 81.942891 19.120982 10.000000 3 6 0.546555
358 328 t 85.570560 20.659413 6 2.321026
359 328 t 80.536928 16.378105 6 4.670936
180 330 w 87.764482 28.840635 10.000000 3 6 0.577354
360 330 t 84.689470 28.750499 6 7.539851
361 330 t 83.788649 26.192218 6 4.761445
181 332 w 2.873512 16.656498 10.000000 3 6 0.450842
362 332 t 0.569205 15.570985 6 7.985077
363 332 t 6.774451 16.439935 6 0.804267
182 333 w 85.614154 75.547740 10.000000 3 6 0.492087
364 333 t 88.359730 75.821530 6 3.330186
365 333 t 83.137523 72.607796 6 3.920190
183 335 w 15.295041 1.521035 10.000000 3 6 0.488647
184 335 w 8.514603 99.125193 10.000000 3 6 0.502389
366 335 t 15.344071 0.393799 6 0.919435
367 335 t 11.536573 -1.164875 6 4.662623
368 335 t 9.678247 102.407764 6 1.064627
369 335 t 6.927435 95.941779 6 3.223700
185 339 w 73.247754 2.306353 10.000000 3 6 0.431703
186 339 w 26.969578 6.812660 10.000000 3 6 0.477873
370 339 t 75.902175 2.600603 6 1.914813
371 339 t 75.902175 2.600603 6 1.988240
372 339 t 24.412904 9.500802 6 8.324221
373 339 t 23.834203 7.871054 6 0.754928
187 341 w 66.033901 33.522820 10.000000 3 6 0.581437
374 341 t 67.912080 33.613078 6 2.501163
375 341 t 62.281670 32.898872 6 5.924793
188 342 w 32.069337 48.201235 10.000000 3 6 0.516057
376 342 t 31.149409 51.651190 6 3.481015
377 342 t 30.638122 44.687839 6 0.521673
189 343 w 53.989485 3.731548 10.000000 3 6 0.483683
378 343 t 52.137627 3.746571 6 0.772779
379 343 t 53.046449 3.745025 6 4.404714
190 345 w 7.388945 48.769208 10.000000 3 6 0.522780
191 345 w 12.230901 67.016774 10.000000 3 6 0.519093
380 345 t 4.419413 49.166771 6 0.347262
381 345 t 9.532065 45.323906 6 8.497172
382 345 t 11.331904 68.942372 6 7.725425
383 345 t 15.925438 68.117234 6 5.115175
192 348 w 57.390824 46.027963 10.000000 3 6 0.467756
384 348 t 53.482404 49.325294 6 4.038812
385 348 t 60.921154 45.660037 6 1.156185
193 349 w 60.096461 49.205256 10.000000 3 6 0.455731
386 349 t 57.339493 46.022158 6 4.211387
387 349 t 58.124794 52.153663 6 4.667973
194 351 w 18.678223 30.159518 10.000000 3 6 0.523663
388 351 t 21.566198 27.692838 6 2.957027
389 351 t 15.920506 27.638547 6 6.868290
195 352 w 62.767277 67.744941 10.000000 3 6 0.521250
196 352 w 87.015161 44.688949 10.000000 3 6 0.495601
390 352 t 58.777743 64.524440 6 3.026457
391 352 t 61.545108 69.193305 6 0.398479
392 352 t 84.221871 42.216380 6 3.072055
393 352 t 86.002524 44.528102 6 8.726612
197 355 w 26.600890 89.375403 10.000000 3 6 0.504377
198 355 w 36.309680 95.312636 10.000000 3 6 0.514339
394 355 t 25.850038 85.988234 6 1.150434
395 355 t 24.313383 93.056306 6 1.185373
396 355 t 34.203621 99.009076 6 0.894418
397 355 t 36.220352 92.980101 6 3.136238
199 358 w 44.567303 10.620633 10.000000 3 6 0.528431
398 358 t 40.719184 11.529703 6 1.272297
399 358 t 41.273650 9.496796 6 6.157694
200 359 w 86.007758 0.279576 10.000000 3 6 0.505725
201 359 w 74.013151 43.865649 10.000000 3 6 0.477521
400 359 t 87.608125 4.035503 6 1.819495
401 359 t 86.235474 -2.212865 6 5.819127
402 359 t 75.064380 45.739591 6 3.031777
403 359 t 76.364378 42.139544 6 5.657116
202 363 w 88.463349 74.172902 10.000000 3 6 0.457591
404 363 t 86.424467 75.874818 6 4.577357
405 363 t 90.638772 77.022904 6 3.411338
203 366 w 22.006063 19.774288 10.000000 3 6 0.440398
406 366 t 22.730711 18.682275 6 1.213574
407 366 t 20.968027 18.200219 6 6.130459
204 368 w 89.501831 63.099251 10.000000 3 6 0.518106
205 368 w 14.615182 36.683005 10.000000 3 6 0.521701
408 368 t 85.879867 60.152264 6 2.297774
409 368 t 90.102230 62.952384 6 8.972591
410 368 t 16.500847 40.281697 6 3.127828
411 368 t 14.239472 38.483252 6 2.778163
206 370 w 89.650757 73.086929 10.000000 3 6 0.555595
412 370 t 91.385317 71.132415 6 2.991300
413 370 t 86.022210 70.156697 6 9.277649
207 371 w 47.352463 53.395068 10.000000 3 6 0.597130
414 371 t 46.251917 51.417066 6 3.911469
415 371 t 51.138070 52.565172 6 4.453747
208 372 w 97.475497 61.242119 10.000000 3 6 0.558984
416 372 t 96.820699 58.202226 6 9.082565
417 372 t 100.379702 64.860742 6 3.417424
209 373 w 65.736292 23.826394 10.000000 3 6 0.516620
418 373 t 68.683192 20.032351 6 3.192145
419 373 t 65.805949 23.388375 6 0.340623
210 375 w 88.481566 73.977291 10.000000 3 6 0.521823
211 375 w 62.920910 12.403263 10.000000 3 6 0.433514
420 375 t 84.944724 74.139863 6 4.468396
421 375 t 85.087421 72.018667 6 3.919907
422 375 t 60.913982 15.738067 6 1.978915
423 375 t 59.745087 9.784630 6 6.662229
212 377 w 13.496291 40.652771 10.000000 3 6 0.465979
424 377 t 14.513015 40.167378 6 3.376292
425 377 t 14.539652 39.279215 6 8.513158
213 381 w 9.054620 81.705977 10.000000 3 6 0.523627
426 381 t 7.644597 82.440500 6 5.486488
427 381 t 6.284998 84.893801 6 4.518336
214 383 w 57.066557 20.085006 10.000000 3 6 0.538702
428 383 t 59.110653 19.094925 6 2.409767
429 383 t 57.768578 16.935941 6 1.472416
215 385 w 89.010976 0.596758 10.000000 3 6 0.583148
430 385 t 86.074941 4.290168 6 4.787214
431 385 t 91.924322 0.946548 6 5.212227
216 387 w 47.458620 91.502996 10.000000 3 6 0.488397
432 387 t 44.729811 90.714836 6 5.312054
433 387 t 44.671014 91.642831 6 1.774152
217 389 w 86.316545 84.724866 10.000000 3 6 0.447540
218 389 w 71.568913 96.364266 10.000000 3 6 0.451147
434 389 t 88.989221 87.981460 6 5.759740
435 389 t 88.748106 87.344892 6 2.294395
436 389 t 71.353039 100.263487 6 6.766888
437 389 t 70.886222 93.012456 6 5.037179
219 390 w 16.626733 53.567129 10.000000 3 6 0.393820
438 390 t 13.758689 54.113941 6 9.549199
439 390 t 16.876300 53.835865 6 6.505225
220 393 w 37.216218 61.222015 10.000000 3 6 0.518098
440 393 t 40.276589 57.493346 6 4.032911
441 393 t 35.602969 57.899315 6 0.675438
221 394 w 52.547968 32.490657 10.000000 3 6 0.546422
222 394 w 49.549146 48.956433 10.000000 3 6 0.564779
442 394 t 49.878453 34.105380 6 0.244625
443 394 t 55.956389 33.513053 6 8.514539
444 394 t 47.908110 52.144695 6 2.242888
445 394 t 50.383360 45.424752 6 5.259606
223 398 w 19.953645 39.264058 10.000000 3 6 0.516481
446 398 t 21.312714 42.146655 6 1.225527
447 398 t 18.124403 37.799774 6 3.950645
224 400 w 19.043659 60.766752 10.000000 3 6 0.583197
225 400 w 49.546574 30.374676 10.000000 3 6 0.450004
448 400 t 15.222205 62.300845 6 9.580940
449 400 t 22.917524 59.961272 6 0.135359
450 400 t 47.633405 33.457943 6 3.882424
451 400 t 51.844268 28.267788 6 1.996860
226 401 w 84.419313 47.586748 10.000000 3 6 0.534691
452 401 t 80.888214 44.050701 6 5.471069
453 401 t 88.230474 51.230700 6 3.637717
227 402 w 86.578333 60.560478 10.000000 3 6 0.448915
228 402 w 38.623499 85.922516 10.000000 3 6 0.641464
454 402 t 85.545649 58.728490 6 4.059837
455 402 t 89.310859 59.525925 6 1.533051
456 402 t 38.632904 87.875688 6 2.796322
457 402 t 35.787588 87.307986 6 7.333695
229 406 w 46.562020 73.299229 10.000000 3 6 0.324127
458 406 t 46.621610 71.159050 6 1.472190
459 406 t 47.197468 70.870370 6 4.992113
230 408 w 10.342304 50.234362 10.000000 3 6 0.466226
231 408 w 32.898410 46.217049 10.000000 3 6 0.486953
460 408 t 11.493436 52.980568 6 0.997530
461 408 t 10.378031 47.027427 6 4.251904
462 408 t 29.969074 47.314742 6 4.280901
463 408 t 31.826216 43.617016 6 1.324572
232 413 w 15.547291 13.836900 10.000000 3 6 0.562138
233 413 w 72.282905 33.653262 10.000000 3 6 0.522326
464 413 t 14.133545 16.428025 6 8.534500
465 413 t 13.006127 17.600613 6 0.806422
466 413 t 71.430140 37.131548 6 3.336969
467 413 t 75.237233 31.439435 6 1.991780
234 416 w 64.300389 1.602013 10.000000 3 6 0.495893
468 416 t 64.504194 -2.365295 6 5.744721
469 416 t 60.792217 2.887368 6 2.123391
235 417 w 76.396724 95.871991 10.000000 3 6 0.462158
470 417 t 75.623910 93.036579 6 5.227803
471 417 t 78.869231 94.396684 6 2.328158
236 418 w 97.216760 76.291124 10.000000 3 6 0.492181
472 418 t 97.858589 78.709069 6 9.744139
473 418 t 98.129075 75.375374 6 7.488700
237 419 w 95.408540 65.180841 10.000000 3 6 0.482358
474 419 t 91.736621 65.928155 6 2.786183
475 419 t 91.965354 61.583087 6 8.101790
238 422 w 7.922937 78.552051 10.000000 3 6 0.458556
476 422 t 10.506999 79.936663 6 3.736735
477 422 t 7.394721 81.920453 6 5.675289
239 425 w 52.717381 16.554984 10.000000 3 6 0.597533
240 425 w 49.575836 67.483340 10.000000 3 6 0.553635
478 425 t 56.647030 16.535137 6 1.062774
479 425 t 52.256615 12.636654 6 9.416280
480 425 t 51.454217 64.652034 6 2.360692
481 425 t 50.681521 69.476485 6 3.225356
241 426 w 4.334352 74.421302 10.000000 3 6 0.494822
482 426 t 3.508059 75.643008 6 3.159262
483 426 t 3.636744 77.271834 6 1.926877
242 430 w 14.637047 19.412938 10.000000 3 6 0.556351
484 430 t 18.293243 17.056931 6 6.838686
485 430 t 12.218331 21.115409 6 0.382167
243 431 w 59.966356 50.035323 10.000000 3 6 0.498723
244 431 w 20.885868 90.330635 10.000000 3 6 0.470843
245 431 w 54.657927 26.948314 10.000000 3 6 0.574077
246 431 w 12.305763 33.183269 10.000000 3 6 0.515495
486 431 t 56.339447 49.117792 6 6.670429
487 431 t 60.918342 50.834519 6 10.061519
488 431 t 17.310523 88.001385 6 4.436828
489 431 t 24.512051 86.453570 6 6.742018
490 431 t 54.347530 24.126858 6 10.123850
491 431 t 54.118667 28.497946 6 8.879331
492 431 t 14.961139 31.391348 6 8.915640
493 431 t 8.618687 37.002424 6 4.136813
247 432 w 7.398835 92.145884 10.000000 3 6 0.502118
248 432 w 92.415833 64.402643 10.000000 3 6 0.508175
494 432 t 4.231719 89.853437 6 6.266887
495 432 t 4.005821 93.114642 6 1.380916
496 432 t 93.673855 60.571388 6 8.161294
497 432 t 94.789452 60.543766 6 7.238271
249 437 w 43.238057 26.713183 10.000000 3 6 0.558054
498 437 t 41.492058 28.075853 6 5.780798
499 437 t 43.013173 25.699452 6 2.039731
250 440 w 84.571097 54.225262 10.000000 3 6 0.529103
500 440 t 82.985976 54.292781 6 2.117336
501 440 t 87.057508 53.675362 6 1.845847
251 442 w 14.428090 11.130038 10.000000 3 6 0.602536
252 442 w 24.346146 45.348648 10.000000 3 6 0.602343
502 442 t 13.598281 11.677693 6 5.348773
503 442 t 14.631716 11.928009 6 1.769809
504 442 t 27.062625 46.026086 6 2.851043
505 442 t 27.062625 46.026086 6 3.026323
253 443 w 52.288188 93.953174 10.000000 3 6 0.498899
506 443 t 52.005749 91.778643 6 5.033586
507 443 t 55.259583 90.756565 6 2.402181
254 444 w 38.904389 62.648560 10.000000 3 6 0.498422
508 444 t 39.726590 61.801234 6 0.683971
509 444 t 36.542321 61.456536 6 1.986194
255 445 w 82.995626 55.738281 10.000000 3 6 0.540064
510 445 t 84.285973 57.135085 6 2.969512
511 445 t 86.277155 54.460719 6 7.082210
256 446 w 32.317627 49.892163 10.000000 3 6 0.607220
257 446 w 95.813289 20.748169 10.000000 3 6 0.486152
512 446 t 35.754107 53.367609 6 2.551375
513 446 t 34.274088 51.432264 6 3.238712
514 446 t 95.815607 20.246404 6 5.100931
515 446 t 97.679128 19.711557 6 9.631394
258 454 w 29.062258 12.807665 10.000000 3 6 0.483924
516 454 t 25.433639 13.386180 6 2.116091
517 454 t 31.094804 10.685516 6 0.833161
259 455 w 68.357646 9.722226 10.000000 3 6 0.431206
518 455 t 69.822069 11.238240 6 4.915527
519 455 t 69.342309 8.891772 6 10.088987
260 461 w 90.395433 71.136582 10.000000 3 6 0.548554
520 461 t 87.831571 67.186998 6 1.686835
521 461 t 92.834347 71.480960 6 7.701458
261 462 w 70.159688 32.649846 10.000000 3 6 0.511065
522 462 t 66.397789 34.747264 6 6.233656
523 462 t 73.728458 29.675915 6 3.997979
262 463 w 15.892058 62.608219 10.000000 3 6 0.423330
263 463 w 4.856349 0.501184 10.000000 3 6 0.473037
524 463 t 19.297048 66.391181 6 3.767841
525 463 t 17.137946 59.879328 6 3.294819
526 463 t 5.358757 2.969278 6 2.718158
527 463 t 4.583910 -2.122529 6 3.487747
264 464 w 2.415332 49.834360 10.000000 3 6 0.360654
528 464 t 4.406985 46.391834 6 0.786593
529 464 t -0.743245 51.732236 6 9.531220
265 468 w 12.668927 39.244877 10.000000 3 6 0.490394
530 468 t 15.842545 37.783736 6 1.662963
531 468 t 10.554326 37.648448 6 3.348868
266 469 w 36.341489 69.434022 10.000000 3 6 0.492193
532 469 t 37.565434 68.665285 6 8.765453
533 469 t 34.547727 67.001548 6 8.936622
267 471 w 15.218238 73.948066 10.000000 3 6 0.485713
534 471 t 14.479241 73.425410 6 7.217516
535 471 t 17.629606 75.453156 6 2.260115
268 472 w 37.611050 38.571990 10.000000 3 6 0.472945
536 472 t 35.865805 39.669016 6 10.255898
537 472 t 38.700408 37.672765 6 2.386646
269 474 w 70.379737 39.133104 10.000000 3 6 0.376960
538 474 t 71.832047 42.537213 6 5.421515
539 474 t 70.679400 38.188843 6 6.867437
270 477 w 57.522978 87.407007 10.000000 3 6 0.442087
540 477 t 54.881066 87.623036 6 2.965748
541 477 t 60.742317 86.945323 6 1.879698
271 480 w 31.530768 41.958138 10.000000 3 6 0.517327
272 480 w 34.964465 51.211271 10.000000 3 6 0.487296
542 480 t 28.163157 39.767582 6 2.949672
543 480 t 34.159516 41.869693 6 7.905146
544 480 t 36.651208 50.444314 6 2.745734
545 480 t 31.177932 54.459659 6 4.582141
273 483 w 82.225115 41.557169 10.000000 3 6 0.494692
546 483 t 82.663637 44.907013 6 6.189238
547 483 t 80.967763 43.791980 6 1.230533
274 486 w 74.626956 12.513234 10.000000 3 6 0.547483
275 486 w 40.880448 50.764442 10.000000 3 6 0.469052
548 486 t 71.065853 12.506389 6 1.234287
549 486 t 71.276638 14.943179 6 2.981748
550 486 t 44.042555 48.377702 6 2.895797
551 486 t 37.550189 52.487457 6 4.315306
276 487 w 59.345815 47.174832 10.000000 3 6 0.482861
552 487 t 57.368892 50.051089 6 2.487138
553 487 t 59.460126 44.814354 6 5.085602
277 488 w 32.838874 28.389679 10.000000 3 6 0.553071
554 488 t 35.412721 26.001753 6 5.283077
555 488 t 36.539276 27.673229 6 4.835696
278 496 w 1.977544 69.436094 10.000000 3 6 0.455823
279 496 w 39.739622 64.450161 10.000000 3 6 0.486543
280 496 w 69.616813 23.485692 10.000000 3 6 0.508412
556 496 t 0.458935 67.611215 6 4.047587
557 496 t 0.458935 67.611215 6 4.498302
558 496 t 35.994555 62.866952 6 4.884493
559 496 t 41.455153 61.855297 6 3.441227
560 496 t 72.909895 22.323081 6 6.024651
561 496 t 66.018822 23.253401 6 1.580233
281 499 w 23.638886 77.161868 10.000000 3 6 0.476081
562 499 t 27.024660 77.750582 6 5.128816
563 499 t 27.206812 76.134583 6 3.837901
282 500 w 58.884177 1.752694 10.000000 3 6 0.570460
564 500 t 58.667592 2.989180 6 2.144598
565 500 t 60.365980 0.680236 6 7.209488
283 505 w 20.532045 84.168619 10.000000 3 6 0.450908
566 505 t 20.769404 84.292210 6 3.646849
567 505 t 17.080607 83.217961 6 2.569984
284 507 w 18.123979 2.616617 10.000000 3 6 0.460934
568 507 t 21.205940 6.543112 6 2.741464
569 507 t 17.829739 4.947025 6 8.496410
285 508 w 82.100378 11.721827 10.000000 3 6 0.435894
286 508 w 22.392696 56.963932 10.000000 3 6 0.535534
570 508 t 79.568232 13.428866 6 3.458039
571 508 t 81.923266 8.793581 6 5.105392
572 508 t 20.171512 55.781259 6 3.913489
573 508 t 21.288609 56.141719 6 6.215489
287 512 w 46.367141 76.318461 10.000000 3 6 0.540221
574 512 t 46.494959 77.195213 6 3.456376
575 512 t 42.964557 74.155522 6 4.907693
288 514 w 89.397502 30.430760 10.000000 3 6 0.469214
289 514 w 71.941541 32.208766 10.000000 3 6 0.473049
576 514 t 91.990424 30.177264 6 1.733506
577 514 t 92.250396 30.971237 6 5.468784
578 514 t 72.326160 33.568503 6 2.589605
579 514 t 71.606408 29.673977 6 7.814364
290 515 w 20.286713 22.903419 10.000000 3 6 0.415108
580 515 t 23.525107 22.475217 6 5.067222
581 515 t 24.198691 23.379051 6 4.258615
291 521 w 19.843694 64.218157 10.000000 3 6 0.495985
582 521 t 20.926461 64.752615 6 0.771813
583 521 t 17.845986 65.041251 6 2.586162
292 522 w 17.694738 6.331702 10.000000 3 6 0.420816
584 522 t 13.760413 4.018326 6 1.792689
585 522 t 20.800112 7.570564 6 9.566630
293 524 w 74.137252 58.277497 10.000000 3 6 0.472577
586 524 t 76.420840 60.726892 6 2.944347
587 524 t 71.979819 54.514728 6 0.558661
294 527 w 94.224222 43.318548 10.000000 3 6 0.379097
295 527 w 85.987521 31.035708 10.000000 3 6 0.371647
588 527 t 92.875527 44.538206 6 2.988836
589 527 t 92.757809 39.761391 6 3.458845
590 527 t 82.099713 33.759810 6 3.706796
591 527 t 83.640239 30.445577 6 6.702186
296 530 w 27.990000 25.815204 10.000000 3 6 0.551394
297 530 w 29.732096 1.447354 10.000000 3 6 0.491288
592 530 t 27.982063 27.116007 6 2.468095
593 530 t 24.372328 25.422189 6 2.126354
594 530 t 33.362968 3.221348 6 6.868277
595 530 t 32.413765 0.250056 6 3.405889
298 531 w 53.581229 11.301503 10.000000 3 6 0.493051
299 531 w 18.323869 9.026563 10.000000 3 6 0.514027
300 531 w 2.378916 49.917394 10.000000 3 6 0.489375
596 531 t 51.386734 15.079994 6 5.863777
597 531 t 56.801902 8.773347 6 0.623869
598 531 t 15.905570 7.747414 6 7.900511
599 531 t 16.779739 12.309781 6 0.360170
600 531 t -0.642203 48.020237 6 7.493136
601 531 t 4.009248 53.396211 6 7.779720
301 533 w 0.045322 44.561378 10.000000 3 6 0.429491
302 533 w 97.257990 94.451047 10.000000 3 6 0.488580
303 533 w 17.936495 36.538585 10.000000 3 6 0.477952
602 533 t -3.862645 47.111793 6 5.438986
603 533 t 2.001388 46.305025 6 10.252320
604 533 t 95.947474 93.919168 6 3.609567
605 533 t 99.607942 93.569006 6 3.761149
606 533 t 18.340139 39.774330 6 2.272237
607 533 t 17.291098 33.408872 6 9.187598
304 535 w 66.855554 48.075131 10.000000 3 6 0.552804
305 535 w 98.264954 22.290478 10.000000 3 6 0.551627
608 535 t 68.243862 45.136769 6 3.064664
609 535 t 69.665264 45.178193 6 2.412884
610 535 t 99.328004 18.448779 6 9.070168
611 535 t 101.267061 19.046650 6 2.201338
306 537 w 30.365678 52.835635 10.000000 3 6 0.495893
612 537 t 29.094975 50.569969 6 6.482121
613 537 t 30.805869 54.524666 6 0.304825
307 540 w 66.698920 29.597911 10.000000 3 6 0.536274
308 540 w 83.715713 33.826721 10.000000 3 6 0.529331
614 540 t 66.378739 29.989054 6 0.559619
615 540 t 63.267492 33.566270 6 4.927793
616 540 t 79.946234 30.937531 6 0.866441
617 540 t 86.371994 34.278336 6 4.890264
309 545 w 92.652349 80.434885 10.000000 3 6 0.518468
618 545 t 94.536180 77.253463 6 3.271556
619 545 t 93.305663 81.316498 6 3.652861
310 550 w 82.837223 80.762901 10.000000 3 6 0.470941
311 550 w 66.314598 2.038223 10.000000 3 6 0.539728
312 550 w 30.980215 45.828727 10.000000 3 6 0.442789
620 550 t 80.780974 78.780501 6 1.778000
621 550 t 85.379027 80.521802 6 5.608405
622 550 t 66.108908 2.224583 6 8.776079
623 550 t 68.092027 -1.102975 6 8.667111
624 550 t 30.659926 48.899661 6 1.238103
625 550 t 30.659926 48.899661 6 0.719644
313 551 w 80.108696 31.572080 10.000000 3 6 0.464414
314 551 w 95.057954 40.189372 10.000000 3 6 0.466786
626 551 t 81.677671 32.817842 6 7.413724
627 551 t 77.522795 27.689223 6 1.505518
628 551 t 95.089978 39.990335 6 4.370357
629 551 t 97.610106 37.806567 6 4.237534
315 553 w 30.103629 33.006817 10.000000 3 6 0.489209
316 553 w 61.404083 79.983379 10.000000 3 6 0.464817
630 553 t 31.099540 32.827683 6 5.467105
631 553 t 29.318982 35.885364 6 10.309946
632 553 t 62.733709 79.396180 6 4.744240
633 553 t 62.689901 79.563561 6 1.524269
317 554 w 48.787406 47.556080 10.000000 3 6 0.463515
634 554 t 45.783160 43.723565 6 0.865132
635 554 t 51.561723 48.499549 6 3.812817
318 555 w 77.229330 19.561332 10.000000 3 6 0.460319
636 555 t 80.156453 18.120513 6 1.780516
637 555 t 80.088733 20.422696 6 0.727092
319 558 w 58.827045 26.756562 10.000000 3 6 0.463351
638 558 t 56.545702 23.334350 6 2.848142
639 558 t 57.004965 27.957847 6 0.986466
320 561 w 82.078191 81.747637 10.000000 3 6 0.511923
321 561 w 86.078522 6.664718 10.000000 3 6 0.523276
640 561 t 84.059399 82.813022 6 2.258705
641 561 t 84.059399 82.813022 6 1.743234
642 561 t 88.919096 7.502490 6 3.482015
643 561 t 87.676417 6.929879 6 1.886978
322 562 w 2.821714 89.533320 10.000000 3 6 0.481456
644 562 t 4.724009 92.494862 6 4.338905
645 562 t 6.509487 89.449413 6 5.705133
323 563 w 7.971086 20.085025 10.000000 3 6 0.485128
324 563 w 83.318247 93.490768 10.000000 3 6 0.453327
646 563 t 5.112972 20.245616 6 5.565240
647 563 t 6.053653 19.675908 6 9.404540
648 563 t 85.050959 92.060093 6 4.756328
649 563 t 80.240875 94.514109 6 4.665160
325 567 w 98.136678 92.285408 10.000000 3 6 0.516306
650 567 t 100.396497 94.870129 6 6.788664
651 567 t 98.961455 96.058389 6 9.763526
326 571 w 96.986154 98.608507 10.000000 3 6 0.583139
327 571 w 17.719746 93.675140 10.000000 3 6 0.425230
652 571 t 100.769058 97.236518 6 6.372098
653 571 t 97.071303 95.701155 6 3.152615
654 571 t 20.164376 97.143629 6 6.624796
655 571 t 17.539300 92.411134 6 4.580040
328 572 w 13.903833 35.667639 10.000000 3 6 0.472629
656 572 t 12.273934 35.356220 6 3.083993
657 572 t 15.106327 34.358846 6 4.580557
329 577 w 89.129052 38.457491 10.000000 3 6 0.429970
658 577 t 87.329246 38.663574 6 9.661873
659 577 t 89.112992 40.677270 6 1.885486
330 578 w 89.326160 86.167375 10.000000 3 6 0.511006
660 578 t 92.242985 85.381712 6 6.942169
661 578 t 93.052555 83.423515 6 2.959740
331 580 w 32.931640 55.718848 10.000000 3 6 0.454665
662 580 t 29.672773 57.042536 6 1.715489
663 580 t 29.169738 52.902692 6 2.036086
332 585 w 86.274320 6.822435 10.000000 3 6 0.468304
664 585 t 84.828776 5.506790 6 2.107965
665 585 t 85.120618 4.685796 6 2.869007
333 589 w 15.329622 84.062454 10.000000 3 6 0.556937
666 589 t 17.682201 81.822702 6 4.754173
667 589 t 13.265204 86.145523 6 2.063044
334 591 w 13.556126 97.491717 10.000000 3 6 0.502858
668 591 t 15.410937 95.570383 6 3.039397
669 591 t 11.831419 95.632794 6 0.788612
335 593 w 67.363100 40.041640 10.000000 3 6 0.510951
670 593 t 69.113835 44.015533 6 0.314996
671 593 t 63.671066 36.321215 6 4.862655
336 594 w 26.076687 59.315603 10.000000 3 6 0.411891
672 594 t 29.924594 55.427403 6 6.114897
673 594 t 26.653758 55.609209 6 7.751016
337 595 w 36.441494 0.570446 10.000000 3 6 0.486915
674 595 t 35.804129 -0.544845 6 1.027945
675 595 t 36.942466 -1.137869 6 4.392429
338 596 w 97.883793 51.569653 10.000000 3 6 0.541865
676 596 t 98.582454 52.245665 6 3.448475
677 596 t 94.682738 54.637836 6 1.070138
339 597 w 12.121464 66.374243 10.000000 3 6 0.532437
678 597 t 15.634817 62.449507 6 0.745578
679 597 t 13.960352 67.555078 6 1.177658
340 598 w 65.938858 36.250932 10.000000 3 6 0.511329
680 598 t 68.420248 38.891414 6 9.228444
681 598 t 69.333366 32.880222 6 7.262981
341 599 w 61.603835 82.972350 10.000000 3 6 0.509630
342 599 w 6.170159 34.887671 10.000000 3 6 0.521510
682 599 t 62.436328 85.510547 6 8.956069
683 599 t 61.294218 85.925773 6 0.432072
684 599 t 4.825364 37.284975 6 1.688023
685 599 t 4.966793 31.529474 6 2.842229
343 601 w 38.573588 92.349481 10.000000 3 6 0.548208
686 601 t 41.294576 94.879071 6 0.682303
687 601 t 35.947367 88.360563 6 2.028767
344 602 w 79.968743 23.424230 10.000000 3 6 0.528038
688 602 t 82.820858 21.687409 6 8.307794
689 602 t 78.633511 19.519052 6 1.050145
345 603 w 23.290891 73.483761 10.000000 3 6 0.516187
690 603 t 24.429983 72.507444 6 2.222057
691 603 t 26.656519 71.003658 6 5.678226
346 606 w 39.656425 55.385169 10.000000 3 6 0.601104
692 606 t 39.316314 57.297001 6 7.499378
693 606 t 43.271012 55.413150 6 9.299009
347 607 w 31.860245 29.585206 10.000000 3 6 0.460764
694 607 t 35.070958 30.436471 6 4.009029
695 607 t 29.419312 27.946808 6 3.349703
348 610 w 42.610949 59.360626 10.000000 3 6 0.443414
349 610 w 95.916598 82.568747 10.000000 3 6 0.438019
696 610 t 46.297878 56.306479 6 1.893752
697 610 t 40.345458 57.496289 6 2.546848
698 610 t 93.087163 80.692960 6 4.105394
699 610 t 98.950298 84.995382 6 2.372005
350 614 w 1.154719 12.385774 10.000000 3 6 0.500200
700 614 t 1.323292 13.872432 6 4.432223
701 614 t -1.925356 9.514034 6 2.732442
351 616 w 63.376429 57.488224 10.000000 3 6 0.546701
702 616 t 65.307085 57.260341 6 4.022378
703 616 t 65.557134 60.663248 6 2.093605
352 617 w 44.497905 79.472133 10.000000 3 6 0.514371
353 617 w 72.968967 17.159143 10.000000 3 6 0.498932
704 617 t 43.471310 78.955691 6 0.975267
705 617 t 40.539043 76.870029 6 8.532528
706 617 t 75.310762 14.426491 6 3.833441
707 617 t 74.758795 18.292112 6 3.641875
354 618 w 49.421818 87.715548 10.000000 3 6 0.456735
708 618 t 52.373111 90.246811 6 6.025358
709 618 t 49.216336 90.701472 6 8.561004
355 620 w 24.209127 89.453067 10.000000 3 6 0.549901
710 620 t 27.133896 91.320016 6 2.155177
711 620 t 22.765460 92.847688 6 4.766408
356 621 w 37.362628 48.941120 10.000000 3 6 0.528166
712 621 t 33.662498 49.237474 6 7.895007
713 621 t 40.526956 47.253265 6 4.836724
357 623 w 66.211430 88.225456 10.000000 3 6 0.583106
714 623 t 63.746762 87.268479 6 1.528250
715 623 t 68.781531 90.117781 6 0.651894
358 626 w 99.524621 70.753857 10.000000 3 6 0.523374
359 626 w 27.838297 87.846303 10.000000 3 6 0.554909
716 626 t 101.842971 69.544379 6 1.083774
717 626 t 102.226023 69.981447 6 3.223174
718 626 t 24.168545 88.713073 6 1.101385
719 626 t 29.495995 88.300096 6 8.052072
360 629 w 54.515263 76.966607 10.000000 3 6 0.505142
361 629 w 34.026934 31.672615 10.000000 3 6 0.480773
720 629 t 52.647732 74.759561 6 3.309197
721 629 t 58.226921 79.684736 6 0.956090
722 629 t 34.322580 30.656554 6 1.198894
723 629 t 34.388994 32.922717 6 1.520305
362 630 w 72.725802 52.284575 10.000000 3 6 0.482447
363 630 w 91.945728 90.371559 10.000000 3 6 0.563150
724 630 t 73.949787 54.735485 6 0.014365
725 630 t 73.949787 54.735485 6 0.953849
726 630 t 89.320055 86.475669 6 7.479228
727 630 t 91.041502 87.156556 6 8.899952
364 631 w 45.153828 42.882907 10.000000 3 6 0.581789
728 631 t 42.112656 45.889262 6 4.386948
729 631 t 41.473463 46.584514 6 2.755810
365 632 w 30.121762 0.716259 10.000000 3 6 0.530976
730 632 t 28.300530 3.190241 6 6.770021
731 632 t 29.836167 -1.415994 6 3.455324
366 635 w 82.377819 27.320372 10.000000 3 6 0.474897
732 635 t 85.828573 30.421214 6 6.705482
733 635 t 78.896315 28.977329 6 6.815560
367 637 w 20.126074 3.581703 10.000000 3 6 0.506058
368 637 w 31.429239 27.269061 10.000000 3 6 0.495273
369 637 w 32.734492 44.323895 10.000000 3 6 0.506049
734 637 t 19.221788 0.330640 6 6.324069
735 637 t 22.632434 7.424362 6 1.452980
736 637 t 33.474194 31.240432 6 5.766073
737 637 t 30.209202 28.863898 6 1.278493
738 637 t 34.000882 40.328075 6 0.432541
739 637 t 32.367533 44.700279 6 1.571791
370 640 w 7.142169 48.716229 10.000000 3 6 0.513564
740 640 t 5.040191 49.945522 6 4.478728
741 640 t 9.910437 51.496174 6 2.960790
371 643 w 80.190175 63.344386 10.000000 3 6 0.475946
742 643 t 78.788182 64.485685 6 3.124124
743 643 t 80.753319 60.951325 6 4.457259
372 647 w 68.100021 40.612625 10.000000 3 6 0.504846
744 647 t 71.766228 42.953428 6 1.498661
745 647 t 67.211918 37.651497 6 8.602691
373 653 w 16.769647 82.376880 10.000000 3 6 0.467074
746 653 t 16.425976 80.299465 6 6.932968
747 653 t 16.425976 80.299465 6 7.348287
374 656 w 25.037501 76.246228 10.000000 3 6 0.468568
375 656 w 27.242766 28.761391 10.000000 3 6 0.547382
748 656 t 28.017231 79.703836 6 3.490293
749 656 t 26.597241 72.883955 6 3.094761
750 656 t 27.425400 25.109669 6 3.768448
751 656 t 26.090695 27.643569 6 6.387567
376 660 w 44.143233 34.201670 10.000000 3 6 0.446379
752 660 t 42.700514 32.570414 6 8.055435
753 660 t 47.204261 31.258102 6 8.237936
377 661 w 83.666756 84.668399 10.000000 3 6 0.460872
754 661 t 86.694322 82.541719 6 4.785345
755 661 t 85.327955 87.913789 6 5.578173
378 662 w 4.239501 38.212005 10.000000 3 6 0.410900
756 662 t 2.082037 38.316720 6 7.040860
757 662 t 3.237727 35.116365 6 3.581356
379 663 w 59.601170 72.796905 10.000000 3 6 0.505336
758 663 t 60.334261 71.831348 6 1.975486
759 663 t 62.169298 75.017712 6 4.969441
380 665 w 90.720376 34.749371 10.000000 3 6 0.504150
760 665 t 92.401573 35.304621 6 0.901919
761 665 t 94.274173 33.315545 6 2.834139
381 667 w 44.071348 31.604498 10.000000 3 6 0.447854
762 667 t 45.383186 29.827904 6 9.236065
763 667 t 45.725754 30.494076 6 6.607543
382 668 w 26.965473 62.461891 10.000000 3 6 0.467905
764 668 t 23.688307 60.193538 6 7.606817
765 668 t 29.886133 61.072299 6 4.980243
383 669 w 50.086621 54.639734 10.000000 3 6 0.416177
384 669 w 55.533687 41.156063 10.000000 3 6 0.529216
385 669 w 69.541874 32.511255 10.000000 3 6 0.465931
766 669 t 51.623476 55.724555 6 3.184635
767 669 t 50.819211 57.025440 6 3.618907
768 669 t 57.677255 40.573241 6 1.944638
769 669 t 59.059393 37.727455 6 5.563450
770 669 t 70.994327 35.721683 6 3.028194
771 669 t 73.247635 33.512928 6 2.122532
386 670 w 14.160543 9.246745 10.000000 3 6 0.394992
772 670 t 13.294043 10.294013 6 0.039624
773 670 t 13.294043 10.294013 6 0.494261
387 672 w 0.769068 9.000034 10.000000 3 6 0.536314
388 672 w 37.247219 85.870442 10.000000 3 6 0.458709
774 672 t 0.883462 8.177942 6 7.805844
775 672 t -0.377418 6.311327 6 4.585213
776 672 t 39.807577 84.850170 6 8.313633
777 672 t 39.846763 84.203614 6 2.908099
389 673 w 10.409127 47.962888 10.000000 3 6 0.452563
778 673 t 8.237365 44.837381 6 3.900690
779 673 t 10.704489 51.208339 6 4.414717
390 676 w 46.079216 22.914369 10.000000 3 6 0.595219
780 676 t 43.728087 20.441815 6 7.022486
781 676 t 43.726359 25.491056 6 1.784198
391 678 w 91.699986 1.051080 10.000000 3 6 0.555431
392 678 w 44.333565 87.177045 10.000000 3 6 0.557567
393 678 w 47.609671 48.118780 10.000000 3 6 0.459579
782 678 t 89.848054 4.189659 6 4.523148
783 678 t 91.661558 -2.032784 6 1.733262
784 678 t 48.251318 85.423807 6 8.263198
785 678 t 47.793489 86.154878 6 5.226709
786 678 t 50.927113 49.253672 6 6.083722
787 678 t 45.168441 44.312106 6 3.485599
394 680 w 79.533738 42.241293 10.000000 3 6 0.561520
788 680 t 76.159238 44.052371 6 1.994141
789 680 t 78.255129 43.461058 6 2.763736
395 682 w 55.742227 35.259172 10.000000 3 6 0.513206
790 682 t 54.737556 34.424186 6 1.293212
791 682 t 58.180694 32.909256 6 8.086388
396 685 w 40.286716 52.356211 10.000000 3 6 0.538368
792 685 t 40.888090 53.720470 6 2.176281
793 685 t 41.434933 52.137023 6 0.062053
397 687 w 65.871262 16.096420 10.000000 3 6 0.466951
794 687 t 63.764937 19.990988 6 2.270814
795 687 t 67.797932 17.764639 6 3.981221
398 688 w 16.160673 2.859993 10.000000 3 6 0.553101
796 688 t 18.095426 5.525786 6 8.637710
797 688 t 16.048826 2.728873 6 4.978339
399 689 w 15.437961 21.273731 10.000000 3 6 0.446182
798 689 t 14.986394 17.867026 6 8.937740
799 689 t 11.905052 23.019956 6 0.973688
400 690 w 7.183542 61.166842 10.000000 3 6 0.455549
800 690 t 4.354211 58.003635 6 6.475153
801 690 t 3.398197 57.598844 6 3.537372
401 692 w 89.877202 58.090731 10.000000 3 6 0.462228
802 692 t 93.333027 54.694350 6 1.485174
803 692 t 88.753948 61.746691 6 2.996904
402 694 w 84.459315 9.282660 10.000000 3 6 0.521339
403 694 w 2.980545 0.895245 10.000000 3 6 0.442368
804 694 t 87.464522 9.238384 6 4.223955
805 694 t 83.511906 6.633625 6 4.883351
806 694 t 0.326412 -2.939643 6 5.928887
807 694 t 4.236949 2.967027 6 3.831067
404 695 w 53.665929 61.854449 10.000000 3 6 0.477948
808 695 t 51.875428 60.439204 6 0.118242
809 695 t 53.876633 58.809445 6 2.921427
405 696 w 2.091716 70.470679 10.000000 3 6 0.512722
810 696 t 0.324760 68.223498 6 6.173931
811 696 t 2.285820 70.218442 6 0.064080
406 698 w 90.591504 83.140362 10.000000 3 6 0.546019
812 698 t 89.292327 81.461273 6 3.474314
813 698 t 93.693767 80.845412 6 3.698128
407 699 w 38.266566 55.693260 10.000000 3 6 0.547560
814 699 t 34.858788 59.502478 6 5.170161
815 699 t 34.327606 59.291312 6 2.671214
408 700 w 99.893596 18.627742 10.000000 3 6 0.533965
816 700 t 96.700480 19.747201 6 0.768899
817 700 t 98.526849 19.800914 6 0.807474
409 701 w 94.271841 73.341896 10.000000 3 6 0.510188
818 701 t 94.520117 70.064107 6 2.373098
819 701 t 91.243105 70.138579 6 7.316299
410 702 w 94.474535 85.955690 10.000000 3 6 0.477455
820 702 t 91.951708 83.624407 6 2.261644
821 702 t 97.378277 85.040308 6 1.675960
411 703 w 89.247753 25.273404 10.000000 3 6 0.460038
412 703 w 0.767427 88.527246 10.000000 3 6 0.549294
822 703 t 89.981266 25.787483 6 3.283083
823 703 t 85.911117 26.060456 6 4.892722
824 703 t 2.942942 90.259739 6 0.671915
825 703 t 0.947186 89.854564 6 3.261597
413 706 w 86.275857 68.114538 10.000000 3 6 0.563104
826 706 t 83.122154 68.204048 6 7.035774
827 706 t 83.929094 68.168351 6 4.613541
414 708 w 83.512074 32.241686 10.000000 3 6 0.465432
828 708 t 86.888590 34.487369 6 7.223908
829 708 t 83.161445 32.066029 6 5.992487
415 709 w 90.443810 65.112283 10.000000 3 6 0.562762
830 709 t 90.967029 66.814432 6 1.824698
831 709 t 90.153138 61.994334 6 4.833322
416 712 w 7.272392 48.176019 10.000000 3 6 0.417275
417 712 w 8.981464 10.696350 10.000000 3 6 0.439115
832 712 t 4.294395 50.096152 6 7.508124
833 712 t 6.365628 47.933703 6 1.262698
834 712 t 6.155036 11.495890 6 8.858124
835 712 t 9.483127 7.371641 6 2.345310
418 719 w 79.161478 43.723876 10.000000 3 6 0.443891
836 719 t 79.803533 47.399240 6 3.934061
837 719 t 75.513052 41.300277 6 5.166724
419 720 w 90.901300 16.882676 10.000000 3 6 0.496117
838 720 t 91.001676 13.013196 6 8.704414
839 720 t 89.136979 13.023088 6 3.918980
420 722 w 85.254337 70.158274 10.000000 3 6 0.461092
840 722 t 85.738171 73.201594 6 4.398086
841 722 t 86.942193 73.840815 6 0.655035
421 725 w 80.466566 37.291396 10.000000 3 6 0.568164
842 725 t 83.166307 34.264881 6 0.240625
843 725 t 78.194625 38.633588 6 1.683251
422 726 w 3.152273 69.220224 10.000000 3 6 0.535268
423 726 w 76.741752 84.214065 10.000000 3 6 0.514307
844 726 t 0.594646 70.876447 6 1.650698
845 726 t 2.298082 70.965736 6 4.584329
846 726 t 79.071379 84.007373 6 4.036509
847 726 t 80.741579 83.540877 6 1.016573
424 727 w 93.505255 30.125589 10.000000 3 6 0.476916
848 727 t 89.853926 28.119377 6 0.977069
849 727 t 91.789353 33.459663 6 2.710362
425 728 w 24.937620 32.301512 10.000000 3 6 0.479807
426 728 w 10.654396 88.596539 10.000000 3 6 0.444710
850 728 t 23.057973 32.670491 6 2.058440
851 728 t 23.427993 33.792375 6 4.356334
852 728 t 7.518405 87.499763 6 4.899798
853 728 t 12.760414 88.831652 6 4.361078
427 729 w 65.608404 50.514429 10.000000 3 6 0.487453
854 729 t 63.551061 53.990884 6 7.041912
855 729 t 64.072426 53.308290 6 2.284746
428 730 w 37.911413 26.691173 10.000000 3 6 0.488810
856 730 t 38.968511 29.030590 6 0.733214
857 730 t 41.268930 22.948594 6 2.223504
429 731 w 34.503133 28.359199 10.000000 3 6 0.434427
858 731 t 36.668732 29.818003 6 8.712193
859 731 t 34.212810 29.281287 6 7.066008
430 734 w 16.198222 96.989904 10.000000 3 6 0.502746
431 734 w 58.263774 45.033999 10.000000 3 6 0.549443
860 734 t 17.031710 96.359978 6 9.527379
861 734 t 14.949011 97.491710 6 2.757703
862 734 t 62.104206 44.832528 6 3.497686
863 734 t 58.154206 48.671583 6 2.557139
432 738 w 30.592759 63.525869 10.000000 3 6 0.530512
864 738 t 30.538925 64.920859 6 1.372262
865 738 t 33.911917 60.715836 6 1.244930
433 742 w 7.065683 74.599491 10.000000 3 6 0.455594
866 742 t 6.027715 76.477913 6 1.778068
867 742 t 7.399966 73.549408 6 1.329403
434 743 w 19.493277 81.939688 10.000000 3 6 0.450785
435 743 w 83.510449 63.719917 10.000000 3 6 0.599705
868 743 t 16.211474 81.943675 6 8.774021
869 743 t 18.581890 80.895900 6 1.886535
870 743 t 83.656286 60.879481 6 0.653691
871 743 t 82.303499 61.791924 6 7.101044
436 746 w 4.439154 22.472161 10.000000 3 6 0.533197
437 746 w 24.744672 91.598179 10.000000 3 6 0.567896
872 746 t 4.572777 26.089731 6 2.611440
873 746 t 5.975979 21.843620 6 3.371206
874 746 t 27.181541 91.578896 6 0.134307
875 746 t 27.181541 91.578896 6 0.012719
438 747 w 71.102080 73.203024 10.000000 3 6 0.381346
876 747 t 73.337137 73.756071 6 1.571599
877 747 t 71.884646 71.388103 6 2.987197
439 750 w 81.603663 9.857601 10.000000 3 6 0.469952
878 750 t 82.380942 12.727771 6 3.985886
879 750 t 83.181112 12.974526 6 1.966939
440 753 w 16.783208 63.604189 10.000000 3 6 0.509603
880 753 t 18.744920 65.539027 6 1.956637
881 753 t 19.054595 65.867742 6 10.350787
441 755 w 36.016446 62.406821 10.000000 3 6 0.459200
442 755 w 8.614320 54.238546 10.000000 3 6 0.420245
882 755 t 38.527862 59.138815 6 4.290656
883 755 t 35.432774 60.838855 6 4.613331
884 755 t 7.834701 57.822915 6 0.998893
885 755 t 6.116518 57.863081 6 0.570208
443 759 w 17.373074 80.813437 10.000000 3 6 0.479381
886 759 t 19.049821 80.298466 6 6.223007
887 759 t 18.054206 79.343654 6 1.552927
444 761 w 58.884142 76.226296 10.000000 3 6 0.464463
888 761 t 59.902521 72.382083 6 5.321866
889 761 t 61.010769 77.628826 6 4.975864
445 764 w 42.670174 8.180924 10.000000 3 6 0.516944
890 764 t 41.558591 5.096391 6 3.830919
891 764 t 38.699315 12.069561 6 6.559024
446 768 w 66.504838 65.182620 10.000000 3 6 0.585096
892 768 t 64.486141 65.193209 6 0.655775
893 768 t 63.383350 62.988288 6 7.394064
447 773 w 67.136820 22.939279 10.000000 3 6 0.537526
894 773 t 71.035057 23.927600 6 7.177497
895 773 t 69.963610 25.397484 6 1.649319
448 775 w 65.862221 57.165294 10.000000 3 6 0.558336
896 775 t 65.690797 57.357099 6 1.433311
897 775 t 66.944244 59.336869 6 3.992115
449 776 w 12.317132 44.602820 10.000000 3 6 0.527329
898 776 t 15.303764 48.004846 6 4.002888
899 776 t 12.697362 47.205897 6 8.974608
450 777 w 98.851172 94.846389 10.000000 3 6 0.503559
900 777 t 101.733712 92.905812 6 6.793862
901 777 t 96.488011 97.116401 6 5.521192
451 778 w 34.042429 64.115959 10.000000 3 6 0.480232
902 778 t 35.711888 61.449640 6 0.987011
903 778 t 36.229988 61.167999 6 6.400547
452 781 w 63.791260 4.358697 10.000000 3 6 0.479893
453 781 w 92.634935 14.386272 10.000000 3 6 0.550926
904 781 t 61.955745 7.021964 6 5.709793
905 781 t 62.522236 1.007383 6 0.497859
906 781 t 89.617510 10.527365 6 5.622220
907 781 t 93.662526 15.541852 6 0.435348
454 782 w 33.797474 62.816828 10.000000 3 6 0.395146
908 782 t 32.068511 65.999026 6 1.297942
909 782 t 32.252442 61.059953 6 5.424959
455 788 w 55.588596 46.654926 10.000000 3 6 0.446781
910 788 t 51.766743 42.892009 6 7.779680
911 788 t 56.618560 46.137249 6 3.370312
456 789 w 97.829199 30.752604 10.000000 3 6 0.478701
912 789 t 96.853499 29.506977 6 3.680104
913 789 t 98.561001 28.834613 6 2.184861
457 790 w 9.770200 51.035110 10.000000 3 6 0.425126
914 790 t 13.155143 54.045005 6 8.108468
915 790 t 9.590197 52.599033 6 2.526324
458 791 w 2.242708 29.267485 10.000000 3 6 0.487734
916 791 t 4.629967 28.903735 6 1.247763
917 791 t 5.354672 31.423806 6 5.309305
459 793 w 70.890956 83.277878 10.000000 3 6 0.512383
918 793 t 74.671533 87.153221 6 9.577140
919 793 t 70.170656 80.625602 6 2.196321
460 794 w 62.874390 6.466871 10.000000 3 6 0.483918
920 794 t 60.935738 4.636835 6 4.800853
921 794 t 63.424873 8.150641 6 0.740366
461 799 w 16.460867 89.303493 10.000000 3 6 0.524025
922 799 t 17.238031 90.525063 6 3.626920
923 799 t 19.331325 86.201572 6 2.793371
462 801 w 32.528090 13.419819 10.000000 3 6 0.474998
463 801 w 63.815195 72.845800 10.000000 3 6 0.517084
924 801 t 35.179738 17.091885 6 9.994288
925 801 t 30.791862 11.376256 6 5.268854
926 801 t 63.110466 74.705253 6 3.575468
927 801 t 62.177286 76.506210 6 1.661516
464 804 w 76.098839 36.872404 10.000000 3 6 0.543059
928 804 t 75.576595 39.473458 6 8.135945
929 804 t 76.234327 34.172257 6 4.749304
465 807 w 15.078817 14.680193 10.000000 3 6 0.519506
930 807 t 11.342037 13.215251 6 3.524463
931 807 t 18.476633 17.810258 6 3.055659
466 809 w 47.572837 68.084702 10.000000 3 6 0.472287
932 809 t 51.037869 70.655534 6 0.775992
933 809 t 46.826293 71.683158 6 5.591355
467 810 w 40.252962 28.361007 10.000000 3 6 0.483578
934 810 t 44.100793 25.231308 6 3.714639
935 810 t 36.829484 25.634206 6 4.570319
468 811 w 44.532058 35.241362 10.000000 3 6 0.503963
936 811 t 42.380561 32.233315 6 0.443023
937 811 t 47.135449 39.111309 6 1.976466
469 814 w 10.528941 47.483180 10.000000 3 6 0.547128
938 814 t 9.735867 48.103696 6 6.803167
939 814 t 12.952151 47.405207 6 2.613062
470 815 w 82.867107 8.063814 10.000000 3 6 0.441332
940 815 t 84.346894 9.426188 6 1.919749
941 815 t 83.523288 5.602346 6 5.861396
471 817 w 88.690158 4.444415 10.000000 3 6 0.434458
942 817 t 86.992081 7.489223 6 6.716428
943 817 t 86.992081 7.489223 6 6.256837
472 819 w 25.668547 73.326864 10.000000 3 6 0.566779
944 819 t 26.095060 71.756398 6 8.155863
945 819 t 23.429763 76.659744 6 5.629371
473 820 w 6.141948 16.120230 10.000000 3 6 0.329834
474 820 w 32.590859 16.772864 10.000000 3 6 0.480243
475 820 w 9.554666 26.138107 10.000000 3 6 0.544652
946 820 t 8.590361 17.144782 6 1.461937
947 820 t 3.611529 17.479120 6 4.940838
948 820 t 29.867872 14.383525 6 1.244162
949 820 t 35.562443 14.364631 6 2.303690
950 820 t 10.047120 22.428539 6 9.606352
951 820 t 7.480720 22.254971 6 8.575773
476 824 w 83.153380 18.148944 10.000000 3 6 0.515591
477 824 w 50.441250 77.496996 10.000000 3 6 0.453589
478 824 w 63.537773 84.298912 10.000000 3 6 0.504409
479 824 w 50.024637 73.465400 10.000000 3 6 0.517751
952 824 t 84.681316 15.516765 6 0.901905
953 824 t 84.480043 15.377393 6 10.504769
954 824 t 52.885964 75.959639 6 8.608412
955 824 t 48.481057 78.442420 6 1.373030
956 824 t 60.982058 87.601079 6 6.301677
957 824 t 67.024117 83.166411 6 0.711126
958 824 t 53.826547 71.237391 6 3.692758
959 824 t 48.699237 75.428727 6 8.373361
480 828 w 27.806534 19.496792 10.000000 3 6 0.483647
960 828 t 30.643971 16.802549 6 2.857037
961 828 t 26.923450 20.813387 6 1.936368
481 829 w 85.390656 7.900890 10.000000 3 6 0.552528
962 829 t 87.667719 5.754735 6 0.952986
963 829 t 81.629347 7.432851 6 2.895421
482 830 w 51.614672 83.412249 10.000000 3 6 0.429300
483 830 w 59.309409 59.952975 10.000000 3 6 0.602311
964 830 t 52.366594 85.030606 6 9.383466
965 830 t 50.461985 79.725261 6 1.566782
966 830 t 58.558709 60.355563 6 5.082064
967 830 t 56.162596 56.058990 6 3.022030
484 831 w 18.914958 78.461841 10.000000 3 6 0.532917
968 831 t 18.316922 80.426821 6 7.284937
969 831 t 19.053521 78.405951 6 1.367519
485 832 w 69.318653 97.075054 10.000000 3 6 0.428405
970 832 t 67.045052 97.787865 6 2.072463
971 832 t 69.111577 99.276034 6 1.178931
486 833 w 12.583054 76.380915 10.000000 3 6 0.464080
487 833 w 86.760286 26.263135 10.000000 3 6 0.472183
488 833 w 90.766137 97.593993 10.000000 3 6 0.579867
972 833 t 8.949702 76.046469 6 4.611481
973 833 t 11.214800 74.358712 6 2.201076
974 833 t 84.555880 24.922054 6 0.652269
975 833 t 88.447203 24.819962 6 4.758230
976 833 t 87.467203 93.685391 6 2.080294
977 833 t 87.592744 100.757427 6 7.287808
489 834 w 2.323098 36.709476 10.000000 3 6 0.468432
490 834 w 79.542297 38.533381 10.000000 3 6 0.522122
491 834 w 69.337935 70.507231 10.000000 3 6 0.508692
978 834 t 5.120495 36.631990 6 8.995749
979 834 t -0.323224 33.126700 6 0.874385
980 834 t 81.743298 40.925283 6 5.251272
981 834 t 82.669528 41.313220 6 9.730368
982 834 t 69.650728 68.327597 6 0.387574
983 834 t 69.795477 71.792174 6 7.229108
492 836 w 62.464666 85.741255 10.000000 3 6 0.527620
493 836 w 89.598289 73.566112 10.000000 3 6 0.480675
984 836 t 66.306405 86.202510 6 3.265582
985 836 t 58.878824 87.162333 6 0.896611
986 836 t 90.445645 76.582340 6 0.364421
987 836 t 87.527436 75.978729 6 5.465554
494 837 w 7.521708 55.505384 10.000000 3 6 0.490783
495 837 w 12.145580 9.695918 10.000000 3 6 0.467340
988 837 t 9.513547 54.832334 6 1.708072
989 837 t 7.841159 51.510808 6 7.381599
990 837 t 8.600648 9.169883 6 9.216586
991 837 t 14.166408 9.120010 6 7.528263
496 839 w 75.738420 86.807496 10.000000 3 6 0.484099
992 839 t 73.326700 84.694326 6 4.100114
993 839 t 73.880607 84.547028 6 3.542920
497 841 w 74.482158 97.808445 10.000000 3 6 0.610813
994 841 t 77.472372 94.656413 6 5.785559
995 841 t 71.282680 101.368896 6 0.917719
498 843 w 1.958705 59.018735 10.000000 3 6 0.537679
996 843 t 1.709860 59.529811 6 2.783020
997 843 t -0.907756 56.479043 6 2.723535
499 844 w 10.269415 79.728784 10.000000 3 6 0.444795
998 844 t 12.028667 78.208886 6 8.298865
999 844 t 7.029046 76.022901 6 4.263719
