532 713 20 1245
0 w 1.596152 1.361313 1 1 300 0.971
78 t 4.840456 0.82317 300 7.6  
83 t 1.100989 3.050902 300 11.5  
110 t 3.838879 2.910074 300 11  
200 t 3.254979 1.712576 300 16.1  
245 t 3.761649 4.568736 300 10.3  
312 t 4.039824 0.447002 300 12.2  
382 w 0.357377 3.320052 1 1 300 0.641
387 w 2.200781 3.408336 1 1 300 0.904
440 w 2.451746 4.318107 1 1 300 0.749
524 w 3.750903 1.097032 1 1 300 0.944
571 w 2.556651 2.667474 1 1 300 0.914
646 w 4.375031 0.071423 1 1 300 0.642
683 t 3.251934 3.25893 300 6.8  
714 t 1.267694 2.254575 300 10.7  
819 w 2.035181 3.249446 1 1 300 0.926
849 w 2.274789 1.424298 1 1 300 0.665
927 w 0.232103 0.037927 1 1 300 0.677
966 t 3.556673 2.988708 300 11.9  
1008 w 4.676368 3.37657 1 1 300 0.916
1067 w 3.770521 0.940535 1 1 300 0.947
1148 t 1.20415 4.385858 300 11.6  
1162 t 4.292664 4.468946 300 10.9  
1227 t 4.874981 3.583091 300 10.5  
1286 t 3.711971 4.238435 300 15.7  
1366 t 1.49878 4.776134 300 7.9  
1431 t 2.693775 3.032044 300 6.6  
1452 t 2.639288 4.691049 300 6.6  
1524 t 3.094167 3.431762 300 7.3  
1534 t 4.138434 2.99919 300 10.4  
1603 w 0.484897 1.368777 1 1 300 0.787
1707 t 2.825819 3.526285 300 8.9  
1749 t 2.140983 4.636855 300 8.5  
1805 t 1.723868 0.620227 300 9.7  
1829 w 1.972695 2.447892 1 1 300 0.733
1863 t 2.244512 0.78996 300 8.9  
1961 t 2.852474 1.624374 300 6.7  
2032 t 0.014351 1.020456 300 3.2  
2091 t 4.193774 0.134692 300 14  
2129 w 0.86858 3.770682 1 1 300 0.909
2135 t 1.43024 1.217722 300 7.8  
2246 t 1.720504 2.064918 300 12.7  
2277 w 0.852385 3.862365 1 1 300 0.872
2372 t 2.740514 2.728813 300 14.1  
2411 w 2.530944 3.522522 1 1 300 0.911
2434 w 4.046269 3.158264 1 1 300 0.846
2487 w 2.125247 1.767343 1 1 300 0.801
2546 t 3.866795 2.110508 300 17.3  
2600 t 1.019271 0.616924 300 14.7  
2677 w 0.123428 4.228697 1 1 300 0.763
2719 t 3.243163 1.015578 300 12.3  
2775 w 0.913279 0.29757 1 1 300 0.926
2834 w 4.871979 1.985832 1 1 300 0.772
2866 t 1.423222 3.649159 300 10.9  
2967 t 2.195753 1.457191 300 6.6  
2993 w 1.499914 1.595185 1 1 300 0.753
3059 w 0.875309 3.669754 1 1 300 0.95
3101 t 4.562017 1.304577 300 10.2  
3160 t 2.557402 4.182249 300 14.5  
3182 t 3.967731 3.430125 300 16.5  
3274 t 0.524474 3.031555 300 15.3  
3341 t 1.581368 2.871687 300 14  
3396 w 0.972326 0.495998 1 1 300 0.886
3433 w 3.708515 0.154034 1 1 300 0.791
3481 t 1.55244 3.785585 300 3.3  
3532 w 2.496966 4.831836 1 1 300 0.659
3585 w 4.902222 1.891864 1 1 300 0.904
3691 t 0.778692 3.137932 300 12.8  
3707 t 3.054417 2.96182 300 10.1  
3773 t 1.653012 4.395852 300 3.5  
3827 t 1.600038 3.112504 300 14.8  
3852 w 3.558163 2.755666 1 1 300 0.764
3988 w 1.598899 3.792168 1 1 300 0.978
3995 t 3.412278 1.254687 300 9.3  
4016 w 0.446814 2.110302 1 1 300 0.868
4087 t 3.948505 0.920282 300 11.1  
4135 w 4.513641 4.790875 1 1 300 0.909
4181 t 1.34945 2.152138 300 6.8  
4294 w 4.594663 4.944875 1 1 300 0.758
4301 w 2.514063 4.326151 1 1 300 0.863
4384 w 2.933905 4.663109 1 1 300 0.981
4430 w 3.647899 4.35212 1 1 300 0.698
4474 t 1.378122 3.388953 300 9.6  
4510 t 2.876513 1.323692 300 13.2  
4601 t 0.080934 4.180162 300 7.2  
4606 t 4.930944 0.717447 300 13.9  
4693 t 2.187002 0.18383 300 14.2  
4768 t 0.781713 3.778617 300 7  
4792 t 4.378411 0.357391 300 9  
4828 t 4.197367 2.656131 300 12.3  
4902 w 2.737126 3.126019 1 1 300 0.64
4935 t 2.022549 3.39649 300 13.3  
5063 w 4.173651 1.6271 1 1 300 0.928
5082 w 2.540279 2.958762 1 1 300 0.904
5096 t 2.230154 4.759123 300 9.9  
5170 t 4.525656 2.398754 300 9.2  
5231 t 2.528613 3.229442 300 13.5  
5332 t 0.516733 1.468162 300 12.3  
5377 t 1.860991 2.860139 300 8.8  
5396 t 1.59798 1.826163 300 9.2  
5422 t 4.50511 3.801813 300 9.7  
5492 w 4.455688 0.873758 1 1 300 0.717
5601 w 4.71872 4.69414 1 1 300 0.946
5656 w 0.49932 3.000269 1 1 300 0.76
5689 w 3.917043 0.380337 1 1 300 0.951
5699 w 0.73723 0.619303 1 1 300 0.976
5778 t 0.205581 1.503838 300 5.6  
5837 t 3.44861 1.330277 300 9.9  
5912 w 4.445509 1.262847 1 1 300 0.972
5975 t 4.444774 0.732754 300 14  
5994 t 2.00879 1.96897 300 5.3  
6022 t 4.678737 4.820807 300 4.5  
6092 t 0.849124 3.75088 300 4.4  
6207 t 3.095441 4.705085 300 9.2  
6265 t 3.206317 1.207226 300 12.3  
6275 t 2.249611 3.886707 300 8  
6295 w 0.198354 0.869522 1 1 300 0.263
6388 t 0.825304 2.866113 300 5.2  
6502 t 1.036241 0.94274 300 14.5  
6561 t 1.21297 1.045343 300 7.6  
6570 t 4.243024 4.269185 300 11.5  
6593 w 1.546405 0.100844 1 1 300 0.687
6658 t 1.99608 0.380158 300 12.6  
6730 t 3.577726 3.44778 300 9.3  
6810 w 1.525153 2.626268 1 1 300 0.764
6861 w 1.622529 1.326503 1 1 300 0.862
6890 t 2.56693 1.176219 300 14.7  
6895 t 1.966439 2.971933 300 9.2  
6958 t 1.152924 0.875494 300 15.9  
7061 w 3.307347 3.180486 1 1 300 0.775
7149 t 3.135033 0.169873 300 5.7  
7168 t 4.645439 3.774671 300 10.6  
7195 t 0.368974 4.638013 300 10.7  
7256 w 4.776527 4.30758 1 1 300 0.853
7357 t 4.966148 0.510052 300 11.3  
7412 t 3.871242 1.002959 300 16.8  
7461 w 3.523761 1.855074 1 1 300 0.676
7492 t 0.18307 0.706179 300 7  
7505 w 0.198991 0.547081 1 1 300 0.82
7623 t 4.290701 1.784963 300 10.4  
7703 w 3.963864 0.268118 1 1 300 0.862
7714 t 0.75422 3.971927 300 17  
7772 w 0.990544 3.182367 1 1 300 0.929
7804 t 3.252355 2.390766 300 11.2  
7909 t 0.511578 4.673562 300 10.1  
8003 w 2.158158 2.315078 1 1 300 0.979
8003 t 1.367769 3.513482 300 13.2  
8017 t 1.796752 1.842565 300 7.4  
8100 w 0.895662 3.138822 1 1 300 0.718
8105 t 4.698038 0.710272 300 18.1  
8209 t 3.549887 3.56206 300 7.7  
8303 w 4.72653 4.380787 1 1 300 0.717
8312 w 0.282575 4.657802 1 1 300 0.894
8339 t 2.900673 4.978358 300 9.2  
8402 t 4.623465 2.49052 300 10.9  
8410 w 1.027716 1.663019 1 1 300 0.632
8582 w 0.926426 1.651046 1 1 300 0.834
8605 t 0.28273 3.132744 300 17.7  
8623 t 4.17182 1.784367 300 12.4  
8701 t 1.41989 3.71212 300 11.6  
8707 t 1.385998 2.34846 300 7.8  
8851 w 2.187507 0.821631 1 1 300 0.775
8897 w 4.811906 0.549147 1 1 300 0.804
8917 t 0.187491 1.993041 300 10.1  
8975 t 4.324557 0.369093 300 2.9  
9007 w 4.599484 3.364202 1 1 300 0.933
9099 t 0.805162 2.250343 300 10.9  
9196 t 3.345048 4.431389 300 11  
9205 w 1.24642 3.887136 1 1 300 0.71
9236 t 3.217013 1.725238 300 6.9  
9283 t 3.980652 4.136143 300 7.7  
9317 t 0.317606 2.377354 300 13.5  
9493 w 4.729089 4.72509 1 1 300 0.83
9496 w 4.584511 3.174383 1 1 300 0.699
9518 w 4.582059 0.238156 1 1 300 0.989
9547 w 4.442877 1.923663 1 1 300 0.849
9598 w 1.482198 2.427165 1 1 300 0.95
9698 w 2.424194 3.013978 1 1 300 0.693
9795 w 3.9305 2.62879 1 1 300 0.942
9797 w 1.848723 4.950015 1 1 300 0.979
9847 t 1.495694 0.645552 300 3.5  
9883 w 3.775001 1.085117 1 1 300 0.871
9982 w 2.76417 2.821675 1 1 300 0.875
10018 t 2.664874 4.375899 300 9.6  
10097 t 2.951732 3.209516 300 13.9  
10141 t 4.100374 1.886798 300 14.2  
10172 t 1.461766 1.643529 300 7.7  
10208 w 1.836058 3.385608 1 1 300 0.73
10304 t 1.271645 3.109934 300 3.2  
10341 t 3.404601 3.469889 300 10.3  
10436 t 0.031684 3.016118 300 8.1  
10449 t 1.192832 2.515477 300 7.1  
10491 w 4.588107 0.942838 1 1 300 0.825
10566 t 4.520201 4.150515 300 7.1  
10616 t 3.585084 0.119882 300 10.4  
10696 t 3.431324 4.922004 300 17.5  
10742 t 4.326899 3.607531 300 8  
10759 w 4.444171 3.386356 1 1 300 0.807
10846 t 3.647275 0.447732 300 8.1  
10889 t 1.737955 2.697541 300 10.6  
10976 t 3.081972 3.059238 300 11.5  
11003 w 4.916902 2.784639 1 1 300 0.857
11055 w 1.540857 1.422393 1 1 300 0.877
11138 w 4.037589 0.998478 1 1 300 0.658
11164 w 1.612795 3.451557 1 1 300 0.712
11263 w 1.382375 2.295816 1 1 300 0.757
11302 w 4.336936 4.726871 1 1 300 0.813
11346 w 3.774389 0.008688 1 1 300 0.875
11381 t 2.535575 1.843688 300 5.1  
11454 w 0.007527 2.221761 1 1 300 0.849
11502 w 1.460163 4.50828 1 1 300 0.783
11591 w 1.89198 0.123507 1 1 300 0.957
11641 t 3.287704 1.094517 300 11.4  
11648 w 0.237959 1.2825 1 1 300 0.774
11752 w 4.299935 1.674433 1 1 300 0.96
11802 t 0.737707 2.161806 300 9.5  
11865 t 1.984616 1.760463 300 3.5  
11913 w 1.283326 0.373934 1 1 300 0.772
11945 w 4.375782 1.606489 1 1 300 0.657
11981 t 1.964889 2.828798 300 10.4  
12079 t 0.975057 0.338662 300 15.6  
12127 t 1.76723 3.593787 300 8.6  
12198 t 1.281761 3.826765 300 9.6  
12233 w 2.82162 1.501163 1 1 300 0.765
12257 w 2.808537 2.240916 1 1 300 0.713
12328 t 4.658836 0.244322 300 3.8  
12418 t 1.59134 3.142905 300 11.7  
12475 t 1.031162 3.490203 300 11.2  
12514 t 0.067644 4.359084 300 6.8  
12537 t 1.001365 4.749633 300 14.9  
12592 t 1.823881 0.243664 300 12.7  
12708 w 4.687603 0.192718 1 1 300 0.695
12738 t 4.713131 1.964686 300 11.5  
12810 t 2.949883 3.601883 300 2.8  
12829 w 0.498671 1.875061 1 1 300 0.961
12861 w 4.541973 3.210795 1 1 300 0.81
12902 w 0.005551 3.238011 1 1 300 0.951
13024 t 2.162588 4.511846 300 8.2  
13089 t 4.295794 1.460214 300 16.5  
13123 t 2.745973 4.683864 300 6.8  
13142 t 4.271744 1.120856 300 14.4  
13188 t 2.366742 0.020313 300 7.9  
13272 t 0.314351 0.97097 300 11.6  
13369 t 1.967613 2.134997 300 9.9  
13420 t 2.652993 3.078602 300 17.9  
13436 t 1.620784 1.152497 300 13.6  
13473 t 2.83491 0.715189 300 5.6  
13563 t 4.549183 2.043016 300 7  
13622 t 0.665117 0.490349 300 3.9  
13709 t 2.80512 2.063604 300 11.6  
13732 w 0.088134 2.671995 1 1 300 0.765
13748 t 4.195835 0.728353 300 7.2  
13849 t 3.45949 1.099382 300 10.5  
13894 t 2.254633 3.423621 300 8  
13977 t 2.030021 3.121663 300 8  
14015 w 3.456467 0.239222 1 1 300 0.932
14042 t 0.108729 2.495623 300 9.9  
14097 t 4.487418 1.794829 300 11  
14188 t 4.937254 2.845896 300 9.6  
14260 w 0.284355 3.258942 1 1 300 0.68
14292 w 4.639724 4.437956 1 1 300 0.644
14338 w 2.764192 1.966655 1 1 300 0.815
14355 w 4.675782 4.605175 1 1 300 0.83
14480 t 0.551543 2.579594 300 11.8  
14507 t 4.759245 2.159638 300 6.9  
14584 w 1.845279 3.873342 1 1 300 0.692
14627 t 4.556429 2.0304 300 2.7  
14644 w 2.374992 1.391592 1 1 300 0.869
14665 w 0.937628 3.289568 1 1 300 0.771
14798 w 3.993723 4.977149 1 1 300 0.715
14820 w 3.852296 4.440657 1 1 300 0.893
14912 t 0.29763 1.421306 300 14.4  
14934 t 1.352199 3.769164 300 5.4  
14958 w 4.304522 0.028782 1 1 300 0.78
15055 t 2.546089 4.95944 300 13  
15114 t 2.634313 0.173029 300 7.2  
15144 w 4.159482 2.036033 1 1 300 0.93
15224 t 3.883455 2.232355 300 3.1  
15234 w 3.454308 0.262186 1 1 300 0.88
15269 t 1.687327 0.833039 300 16.8  
15388 t 2.713865 1.568503 300 7.1  
15441 w 1.811379 1.112066 1 1 300 0.96
15483 w 3.599592 4.656422 1 1 300 0.733
15534 t 4.647892 3.240174 300 10.8  
15556 w 2.611498 0.810879 1 1 300 0.961
15645 w 0.136754 3.220704 1 1 300 0.666
15710 t 1.066484 3.811338 300 6.4  
15757 t 2.535022 1.400971 300 10.7  
15830 t 4.79697 3.979185 300 3  
15845 t 4.404145 1.710287 300 9.2  
15932 w 4.011223 4.429621 1 1 300 0.884
16001 w 2.106833 0.030033 1 1 300 0.903
16054 t 1.684539 1.615922 300 13.3  
16081 w 0.714505 0.403653 1 1 300 0.801
16142 w 0.527332 0.159101 1 1 300 0.639
16213 t 4.778823 4.359033 300 11.6  
16263 w 0.778408 3.434759 1 1 300 0.638
16350 t 3.126777 1.135292 300 16.2  
16364 w 0.959389 4.016904 1 1 300 0.911
16421 t 3.448239 0.155748 300 13.1  
16495 t 2.478564 2.187311 300 5.7  
16533 w 3.435236 4.957969 1 1 300 0.798
16584 t 1.330713 4.341308 300 11.9  
16651 w 0.696844 4.240716 1 1 300 0.828
16705 t 3.30602 4.360755 300 10.7  
16766 t 3.753076 3.39344 300 8.2  
16831 t 4.798005 1.159785 300 11.9  
16871 w 4.92469 0.279336 1 1 300 0.39
16932 t 3.02676 0.412695 300 12.8  
16979 w 4.105227 0.816769 1 1 300 0.706
17052 w 4.690773 4.264391 1 1 300 0.676
17093 t 4.809479 2.340192 300 3.9  
17158 t 2.252893 2.644056 300 10.4  
17231 t 3.796897 1.858541 300 13.5  
17243 t 0.463816 1.968043 300 12.5  
17279 w 4.376265 3.573629 1 1 300 0.738
17392 t 0.80447 1.441568 300 7.6  
17425 w 2.591714 3.337126 1 1 300 0.84
17514 t 2.676837 1.600369 300 8.9  
17532 t 2.758709 1.859559 300 7.7  
17575 t 3.467788 3.246319 300 8.8  
17618 w 3.197266 1.97748 1 1 300 0.735
17697 w 0.546536 3.343746 1 1 300 0.768
17790 t 3.728918 1.860594 300 16.5  
17820 t 2.08648 1.308486 300 17.1  
17843 t 2.543784 1.847987 300 4.7  
17888 w 4.321626 1.768492 1 1 300 0.816
17946 w 4.534883 3.527336 1 1 300 0.857
18037 w 3.445773 0.790038 1 1 300 0.833
18092 t 0.978363 3.534049 300 16  
18128 w 4.552055 0.739701 1 1 300 0.918
18155 t 1.558473 2.662508 300 2.6  
18197 w 3.250235 2.857065 1 1 300 0.808
18250 t 3.583794 1.682026 300 11.2  
18380 t 0.77863 2.071753 300 8.1  
18411 w 3.353082 4.368887 1 1 300 0.769
18445 t 2.634581 3.803061 300 14.4  
18463 w 3.193756 2.211896 1 1 300 0.915
18516 w 0.562479 4.857542 1 1 300 0.72
18613 t 1.010288 4.064861 300 4.1  
18709 t 4.283173 0.93808 300 9.6  
18717 t 0.796276 0.664039 300 11.2  
18745 t 1.865246 1.994632 300 9.5  
18788 w 4.601432 2.577048 1 1 300 0.685
18831 w 0.703695 4.142137 1 1 300 0.825
19001 t 4.212249 0.745352 300 14.3  
19014 w 3.082353 1.203466 1 1 300 0.836
19024 t 4.065235 3.66262 300 9.5  
19071 t 3.650201 0.350038 300 9.3  
19129 t 4.516169 0.855539 300 12.1  
19178 w 4.168514 1.05062 1 1 300 0.706
19306 t 2.787308 2.288923 300 11.7  
19317 t 0.434131 2.473057 300 8.7  
19361 t 0.926393 0.493598 300 5.8  
19389 t 0.860808 1.238676 300 7.6  
19472 t 2.152178 1.272725 300 13  
19562 t 4.124733 4.890508 300 7.4  
19615 t 4.373692 3.005246 300 11.8  
19626 w 1.840695 2.725816 1 1 300 0.284
19689 w 1.444146 3.456567 1 1 300 0.927
19700 w 0.01688 2.575397 1 1 300 0.297
19845 w 0.635566 0.912139 1 1 300 0.873
19881 t 4.645887 1.864509 300 7.8  
19916 w 3.024909 0.772286 1 1 300 0.915
19939 t 1.46366 2.039045 300 12.6  
19991 t 2.492791 4.216874 300 18.4  
20143 w 3.863806 1.489164 1 1 300 0.716
20169 t 4.26945 0.694314 300 15  
20206 w 2.06638 0.093824 1 1 300 0.794
20226 t 2.829987 4.222567 300 9.2  
20259 t 3.87279 1.170131 300 9.2  
20365 w 3.781031 3.56616 1 1 300 0.91
20454 t 3.092242 3.013043 300 6  
20490 t 4.042801 2.657938 300 14.3  
20521 w 3.302179 2.20289 1 1 300 0.929
20546 w 0.717208 3.613242 1 1 300 0.978
20644 t 0.253378 4.915942 300 8.5  
20732 t 3.819433 4.133107 300 17.4  
20784 t 4.325992 0.49153 300 12.2  
20818 w 0.392712 0.834807 1 1 300 0.778
20836 w 3.068247 4.108081 1 1 300 0.788
20933 t 2.767633 1.719727 300 4.7  
20981 t 1.330708 4.599366 300 12.2  
21069 t 4.674109 0.717551 300 11.7  
21110 w 0.924175 3.486256 1 1 300 0.858
21124 t 4.36096 2.680275 300 7.6  
21205 w 1.069997 3.082148 1 1 300 0.658
21256 t 0.391979 2.201547 300 16.8  
21336 t 4.579252 4.269024 300 3.3  
21404 t 3.333406 2.036432 300 11.1  
21416 t 2.171119 2.64935 300 12.8  
21460 w 3.690777 1.059092 1 1 300 0.811
21531 w 4.082791 3.731612 1 1 300 0.939
21630 t 1.54357 0.600456 300 7.3  
21665 w 2.465775 1.625694 1 1 300 0.971
21708 w 2.65178 3.38666 1 1 300 0.761
21728 t 4.508518 0.125078 300 13.6  
21786 t 3.407786 1.62473 300 10  
21870 w 0.489294 0.973231 1 1 300 0.891
21933 t 1.250862 4.720652 300 14.4  
21984 w 2.834039 0.502867 1 1 300 0.846
22008 t 0.334534 1.99183 300 11.7  
22043 t 2.953481 4.285821 300 4.2  
22155 t 3.112075 3.091051 300 8.2  
22177 t 0.45237 2.333294 300 15  
22235 w 1.006364 4.837994 1 1 300 0.834
22298 t 4.990329 1.03638 300 13.7  
22320 w 1.155318 4.731241 1 1 300 0.732
22428 t 2.95704 4.264114 300 15.1  
22467 w 1.54625 3.199914 1 1 300 0.671
22513 w 2.697311 2.875105 1 1 300 0.917
22576 w 0.813273 3.463579 1 1 300 0.816
22609 w 1.006369 3.434891 1 1 300 0.958
22718 t 2.234494 0.625865 300 12.2  
22758 w 4.94852 2.632597 1 1 300 0.947
22786 w 0.233757 3.852393 1 1 300 0.872
22861 w 3.950801 2.153638 1 1 300 0.731
22888 w 2.348999 1.753769 1 1 300 0.635
22925 t 3.640264 0.122137 300 12.9  
23028 w 0.220891 2.648986 1 1 300 0.781
23071 w 4.358691 0.949181 1 1 300 0.752
23094 w 1.901643 4.794978 1 1 300 0.894
23168 t 0.352635 0.003251 300 12.7  
23221 t 3.304094 2.584826 300 12.2  
23264 t 4.378622 0.591788 300 9.7  
23337 w 3.393541 4.81898 1 1 300 0.907
23372 w 2.515824 4.942078 1 1 300 0.988
23394 t 2.056367 1.793003 300 12.8  
23476 w 3.926612 0.750601 1 1 300 0.937
23557 w 0.060214 3.723969 1 1 300 0.67
23565 w 3.95119 4.389463 1 1 300 0.228
23665 t 1.786862 4.474966 300 13.6  
23694 t 4.462473 1.428159 300 13  
23704 t 1.852088 4.682281 300 13.9  
23834 t 1.557027 2.03831 300 15.4  
23858 t 1.88128 4.145595 300 5  
23894 w 4.037432 1.894885 1 1 300 0.809
23993 w 0.031923 3.685901 1 1 300 0.951
23997 t 3.308 1.244035 300 13.2  
24011 w 4.824299 4.345938 1 1 300 0.867
24156 t 0.16082 0.074302 300 12.5  
24172 w 4.513518 2.25417 1 1 300 0.906
24220 t 2.103289 0.517218 300 11.3  
24295 t 2.066506 0.794409 300 7  
24303 t 2.293137 3.348013 300 11.2  
24325 w 2.079964 0.335457 1 1 300 0.664
24471 t 2.375461 0.914836 300 12.3  
24506 t 1.441398 0.092504 300 12.6  
24559 t 3.943465 4.60895 300 14.2  
24603 t 1.384566 1.602156 300 9.3  
24612 t 3.183868 0.63606 300 5.3  
24645 t 2.624024 2.986542 300 11.2  
24776 w 0.553539 4.075383 1 1 300 0.828
24813 t 4.824577 3.254214 300 6.7  
24884 t 0.333548 1.748804 300 17  
24908 t 4.93519 4.594459 300 8.2  
24938 w 3.29605 2.337726 1 1 300 0.979
24978 t 0.770836 4.767994 300 5.3  
25102 w 4.793842 1.921222 1 1 300 0.633
25117 t 2.73779 4.979905 300 12.2  
25194 w 2.660736 1.956827 1 1 300 0.657
25226 w 4.312564 3.512948 1 1 300 0.932
25275 w 0.097501 1.524259 1 1 300 0.923
25373 w 1.28772 1.430173 1 1 300 0.808
25410 t 2.592702 4.931579 300 2.7  
25492 t 4.46261 2.067548 300 13.5  
25502 w 0.458952 1.954094 1 1 300 0.88
25557 w 2.804156 0.947867 1 1 300 0.979
25625 t 3.312792 3.061128 300 9.9  
25685 w 1.556938 4.592994 1 1 300 0.653
25710 t 0.365429 4.212656 300 2.7  
25793 w 4.555799 1.965795 1 1 300 0.786
25812 t 2.171906 1.402854 300 3.8  
25859 t 1.846777 2.591238 300 7.7  
25969 w 1.071818 3.585506 1 1 300 0.645
25996 t 1.955189 1.54949 300 13.2  
26070 t 4.483264 2.914927 300 8.2  
26098 t 0.658505 2.195967 300 11.9  
26145 t 0.238924 2.676701 300 3.8  
26232 t 1.376883 4.849169 300 10.3  
26288 w 0.788852 2.23061 1 1 300 0.986
26308 t 0.518877 1.965496 300 11.6  
26380 t 2.165035 2.813593 300 15.1  
26422 t 0.374194 0.136182 300 10.5  
26472 t 4.619337 0.203294 300 7  
26553 t 0.334383 2.177476 300 9.4  
26588 w 0.475385 1.393083 1 1 300 0.865
26666 t 0.111837 1.680621 300 10.3  
26687 t 1.406982 2.339823 300 11.1  
26732 t 3.701181 1.660694 300 5.2  
26777 t 0.741395 1.887457 300 17.9  
26888 w 4.647153 2.427545 1 1 300 0.933
26960 t 3.029203 3.357495 300 10.9  
26966 w 4.576553 4.887265 1 1 300 0.668
27025 t 3.567504 0.693744 300 14.2  
27060 t 0.129797 4.730509 300 8  
27107 t 3.928558 1.116519 300 14  
27240 t 4.173351 3.981311 300 11.3  
27260 w 2.013843 4.237184 1 1 300 0.841
27294 t 2.082003 0.636419 300 7.5  
27342 w 4.195177 3.096894 1 1 300 0.762
27379 t 4.986591 0.049569 300 15.2  
27413 t 2.488314 1.666613 300 10.2  
27557 t 2.796349 0.491714 300 7.8  
27567 t 1.772932 0.326717 300 13.8  
27642 w 3.178733 0.780968 1 1 300 0.633
27671 t 3.700621 0.370516 300 7.1  
27680 w 4.757965 4.464925 1 1 300 0.972
27798 t 4.415973 4.620276 300 18.3  
27865 t 4.868082 4.986185 300 8.7  
27879 w 1.213426 2.834452 1 1 300 0.652
27965 t 3.262077 3.305251 300 14.4  
27978 w 2.452431 4.476164 1 1 300 0.832
27982 t 4.859058 4.928677 300 9.6  
28104 w 3.645199 0.548613 1 1 300 0.318
28169 w 1.385133 2.566468 1 1 300 0.71
28263 w 4.520588 2.935324 1 1 300 0.806
28266 w 3.768303 3.030804 1 1 300 0.903
28280 t 3.191672 1.627653 300 10.9  
28388 t 1.843036 0.37445 300 9.7  
28456 w 0.52721 2.402568 1 1 300 0.916
28493 w 3.028127 1.055638 1 1 300 0.983
28564 w 0.82913 3.954975 1 1 300 0.887
28577 t 3.929013 3.273514 300 10.9  
28633 w 2.236766 2.154874 1 1 300 0.917
28754 t 4.051701 3.066497 300 8.1  
28760 t 2.459097 0.715287 300 2.6  
28807 t 1.444077 4.826159 300 10.6  
28874 t 3.102321 3.023973 300 13.5  
28913 t 1.915816 2.115695 300 13.8  
29042 w 3.46352 3.959803 1 1 300 0.973
29060 t 1.590433 0.125582 300 10.9  
29093 w 3.756561 4.12946 1 1 300 0.946
29145 w 4.644376 3.313281 1 1 300 0.762
29206 w 1.595724 2.448274 1 1 300 0.837
29310 t 1.162852 4.11826 300 6.6  
29359 w 1.602234 0.867797 1 1 300 0.219
29370 t 1.918219 1.410971 300 8  
29434 t 2.914041 4.510053 300 8.9  
29476 w 2.806681 0.87899 1 1 300 0.823
29556 w 4.949399 3.379874 1 1 300 0.93
29657 t 4.298434 4.818733 300 6.8  
29668 t 4.167706 1.442665 300 7.4  
29681 t 2.43917 3.062676 300 17.5  
29751 w 0.909379 3.102751 1 1 300 0.685
29825 w 0.078776 1.169541 1 1 300 0.782
29909 t 2.071302 0.816939 300 14  
29962 w 4.896241 4.355093 1 1 300 0.762
29969 t 0.003432 1.310409 300 8.2  
30044 t 4.424178 3.183456 300 13.4  
30099 t 4.5755 4.369789 300 10  
30209 t 1.31659 3.150738 300 6.8  
30241 w 1.284722 0.988505 1 1 300 0.883
30263 w 4.533208 1.917729 1 1 300 0.824
30340 w 2.437776 4.149539 1 1 300 0.787
30349 w 1.142233 1.202044 1 1 300 0.844
30495 t 1.984266 4.176206 300 12.2  
30516 t 3.708883 3.025941 300 7.3  
30543 t 4.604023 0.631709 300 5  
30623 w 4.230615 0.794498 1 1 300 0.678
30648 t 3.641953 1.670016 300 18.2  
30701 w 0.019363 4.19844 1 1 300 0.321
30797 t 2.962827 3.207477 300 10.9  
30837 t 2.58904 1.184267 300 5  
30852 w 1.29211 4.24776 1 1 300 0.916
30941 w 0.560844 4.057527 1 1 300 0.893
30999 t 1.997138 3.80858 300 17.4  
31062 t 1.14501 0.85231 300 13.5  
31115 w 0.829083 4.079921 1 1 300 0.648
31144 w 2.958244 0.979803 1 1 300 0.731
31212 w 3.729973 0.430944 1 1 300 0.77
31258 t 4.993417 4.735431 300 6.9  
31331 t 1.927322 1.089429 300 11.8  
31368 t 2.683821 4.713888 300 11.8  
31435 w 4.841349 0.772261 1 1 300 0.694
31466 w 1.818367 1.145853 1 1 300 0.392
31544 t 1.975895 4.709399 300 6.8  
31590 w 2.614975 0.122996 1 1 300 0.645
31636 w 1.070141 0.585137 1 1 300 0.983
31686 t 3.564576 2.197451 300 7.3  
31739 t 4.144931 4.067941 300 12  
31817 t 3.687569 1.949913 300 13.5  
31846 t 1.936657 3.013852 300 11.5  
31912 t 4.365624 2.743249 300 11  
31964 t 0.896112 3.014952 300 9.4  
32009 t 3.884523 0.418342 300 10.1  
32077 w 3.035488 4.404185 1 1 300 0.978
32125 t 2.034409 3.634995 300 13.7  
32177 t 0.795563 3.136749 300 13.8  
32221 t 3.54415 4.192417 300 10.7  
32266 w 0.807977 0.481463 1 1 300 0.784
32334 w 2.415183 0.332687 1 1 300 0.657
32415 t 3.908066 4.472737 300 10.2  
32430 t 3.392957 4.452514 300 4.9  
32477 w 0.92888 2.213908 1 1 300 0.89
32534 w 0.641085 0.475478 1 1 300 0.931
32631 w 4.886042 4.103855 1 1 300 0.821
32707 t 1.470119 0.695361 300 9.5  
32719 t 0.303095 1.004708 300 15  
32754 t 0.47951 4.477199 300 6.9  
32802 t 4.293958 2.900169 300 8  
32889 t 0.16255 3.950306 300 12.6  
32950 w 0.21406 2.172829 1 1 300 0.744
33010 t 4.813532 0.92205 300 9.6  
33049 t 0.78091 4.310623 300 11.4  
33070 w 2.640884 4.356775 1 1 300 0.803
33119 w 0.720025 1.689897 1 1 300 0.835
33200 t 2.055483 0.718547 300 13.7  
33285 t 2.453159 4.076809 300 9.2  
33323 w 1.448963 4.15307 1 1 300 0.404
33358 t 1.178372 3.542263 300 10.7  
33386 t 2.713742 3.958483 300 14.1  
33467 t 1.299121 4.49648 300 10.5  
33568 t 2.271957 3.858948 300 9.3  
33606 w 2.317222 4.50119 1 1 300 0.65
33647 w 0.390604 3.320456 1 1 300 0.928
33675 t 2.225862 4.434348 300 13.9  
33732 t 4.182059 2.903239 300 14  
33846 t 1.434742 3.724696 300 13.8  
33868 t 4.420358 4.52782 300 8  
33922 t 2.637649 0.520826 300 12.4  
33975 t 4.643939 1.807124 300 10.2  
34005 t 1.243023 2.175872 300 12.2  
34033 t 1.559113 0.531033 300 5  
34149 w 0.984521 1.673057 1 1 300 0.931
34192 w 0.98875 3.36526 1 1 300 0.89
34222 w 3.757078 2.175016 1 1 300 0.872
34291 t 1.830162 1.411847 300 13.2  
34315 w 1.19063 1.004325 1 1 300 0.908
34362 t 1.167071 4.238587 300 7.7  
34461 t 3.558269 0.957048 300 13.9  
34492 t 4.415129 0.594165 300 5.5  
34571 t 3.746385 1.561999 300 17.7  
34597 w 3.588043 4.559206 1 1 300 0.831
34645 t 2.380364 0.24647 300 8.6  
34704 t 3.235692 2.146057 300 12.2  
34772 w 0.613761 3.098882 1 1 300 0.637
34802 t 1.988068 2.791363 300 8.2  
34894 t 4.732092 4.901316 300 12.9  
34920 t 3.570973 4.928206 300 4.4  
34981 w 1.015597 2.637354 1 1 300 0.974
35066 w 0.351472 3.970776 1 1 300 0.953
35090 w 0.233439 4.490032 1 1 300 0.858
35127 t 1.691384 4.791035 300 9.6  
35217 t 2.27196 3.907143 300 10.7  
35246 t 0.800414 1.435019 300 9.3  
35326 t 0.604553 3.501507 300 12.8  
35384 w 4.618482 2.160623 1 1 300 0.844
35415 w 4.99678 2.378202 1 1 300 0.813
35471 t 1.042191 1.908442 300 9.5  
35528 t 4.83872 3.393456 300 15.7  
35570 t 1.444715 3.798551 300 13.1  
35651 w 0.071644 2.835505 1 1 300 0.635
35708 w 2.21905 4.418389 1 1 300 0.883
35771 w 3.936788 0.005692 1 1 300 0.92
35783 t 0.335755 2.355775 300 13.1  
35859 w 1.024339 3.383233 1 1 300 0.858
35936 w 0.877518 0.328702 1 1 300 0.963
36002 w 1.110888 0.815632 1 1 300 0.806
36017 t 0.953939 0.768486 300 11.5  
36074 t 0.181967 0.578247 300 9.5  
36147 w 3.061831 2.497912 1 1 300 0.827
36161 t 3.072223 0.575701 300 10.7  
36243 t 4.924768 3.098041 300 10.1  
36302 t 0.247039 4.463185 300 12.6  
36360 t 4.555067 3.584148 300 17.2  
36414 w 0.512777 4.12992 1 1 300 0.756
36453 w 1.938086 2.410484 1 1 300 0.632
36475 t 0.705488 2.482013 300 10.2  
36558 t 2.985174 3.594569 300 3.5  
36655 t 1.988527 3.577642 300 13.7  
36683 t 1.360291 1.295616 300 7.8  
36753 t 2.941855 0.508531 300 3  
36763 t 4.869614 3.824476 300 13.4  
36858 w 0.401142 2.246032 1 1 300 0.778
36892 w 3.080631 3.22024 1 1 300 0.721
36980 t 1.258889 3.570405 300 7.7  
37049 w 3.358859 2.707971 1 1 300 0.87
37057 w 4.54007 2.605992 1 1 300 0.723
37080 t 1.608076 0.352429 300 7.9  
37181 w 2.705759 2.439968 1 1 300 0.952
37273 t 2.131581 1.002502 300 7.3  
37289 w 0.31844 0.777242 1 1 300 0.702
37351 w 2.586328 2.185072 1 1 300 0.933
37377 w 2.757178 4.41594 1 1 300 0.726
37417 t 4.388699 1.542755 300 12.8  
37517 t 4.551544 2.712599 300 16.5  
37588 t 2.361961 3.147446 300 12.1  
37594 w 1.326084 4.011015 1 1 300 0.745
37660 w 1.34989 3.658141 1 1 300 0.911
37690 w 3.97412 2.050694 1 1 300 0.839
37791 t 1.957131 0.70782 300 9.4  
37838 w 0.948879 0.423373 1 1 300 0.75
37894 t 2.538048 3.596269 300 4.4  
37940 t 2.657884 2.098895 300 4.8  
37967 w 4.689837 2.72926 1 1 300 0.669
38006 t 2.494201 0.377356 300 5.1  
38124 w 2.147092 0.511667 1 1 300 0.334
38188 w 4.555797 3.532598 1 1 300 0.989
38222 t 3.998842 1.902047 300 6.6  
38244 t 2.56942 3.313114 300 9.9  
38273 t 4.570731 0.429138 300 11.3  
38338 w 0.569952 2.839599 1 1 300 0.852
38454 t 0.793366 3.146098 300 9.1  
38521 w 1.337484 4.684967 1 1 300 0.809
38544 t 1.487567 1.766051 300 10.3  
38555 w 1.864525 4.378562 1 1 300 0.637
38589 w 3.124657 4.379045 1 1 300 0.654
38733 t 3.512815 0.449199 300 11.9  
38808 w 2.209933 3.092981 1 1 300 0.79
38823 t 2.144686 2.364984 300 3.1  
38849 t 1.92448 1.275191 300 18.2  
38889 t 0.61149 0.650065 300 4.8  
38970 t 4.629165 1.50856 300 8.2  
39056 w 1.274114 2.010705 1 1 300 0.882
39122 w 3.240488 0.977266 1 1 300 0.907
39147 w 1.19361 3.275291 1 1 300 0.659
39150 t 1.113666 4.35437 300 10.7  
39249 w 1.150278 1.606292 1 1 300 0.695
39295 t 2.025487 2.315675 300 11.3  
39379 t 0.97713 0.489006 300 12.6  
39443 w 0.164958 1.802281 1 1 300 0.758
39448 t 2.092551 3.086788 300 11.8  
39471 t 4.339059 2.943648 300 7.3  
39571 t 4.842724 3.463544 300 11.6  
39616 w 3.499711 4.56128 1 1 300 0.724
39699 t 0.638561 2.624872 300 12.2  
39748 w 3.972725 2.786705 1 1 300 0.639
39749 t 3.961449 1.89378 300 8.6  
39791 w 4.13066 2.089179 1 1 300 0.84
39873 w 4.744487 3.712401 1 1 300 0.705
39952 w 0.577082 4.191792 1 1 300 0.84
40002 w 3.344722 0.757406 1 1 300 0.861
40048 t 4.394825 1.639811 300 7.3  
40056 w 4.951898 1.00827 1 1 300 0.643
40164 t 0.102011 3.721826 300 12.4  
40203 w 3.040123 4.308725 1 1 300 0.679
40280 w 4.893187 3.429606 1 1 300 0.868
40335 t 1.335982 1.960855 300 9.2  
40349 w 4.36639 1.309908 1 1 300 0.989
40431 t 2.3509 0.960958 300 12.4  
40467 t 1.469682 3.065719 300 2.8  
40569 t 1.272684 3.694074 300 14.2  
40624 w 1.762764 3.611654 1 1 300 0.727
40643 w 1.245972 4.809613 1 1 300 0.882
40693 w 0.134251 2.760343 1 1 300 0.842
40737 w 1.545762 2.491777 1 1 300 0.673
40777 w 0.24468 2.99555 1 1 300 0.853
40881 t 3.211352 2.999737 300 17.4  
40935 t 4.293998 3.262497 300 3.5  
40964 t 0.646571 0.626099 300 17.8  
40998 w 3.07418 0.845631 1 1 300 0.918
41049 t 1.475053 4.387001 300 13.4  
41088 t 1.452446 0.617993 300 9.5  
41202 t 4.213215 2.051062 300 14  
41261 w 4.041693 1.540316 1 1 300 0.814
41285 w 0.061114 3.678881 1 1 300 0.963
41341 t 0.147878 3.176322 300 2.5  
41353 t 0.870057 2.7605 300 12.5  
41403 w 1.929179 0.345393 1 1 300 0.96
41511 w 2.383817 1.761634 1 1 300 0.662
41582 t 4.767398 1.973012 300 9.1  
41630 w 1.106542 3.089275 1 1 300 0.661
41641 t 3.85525 0.9807 300 4.7  
41676 w 2.174505 4.73965 1 1 300 0.714
41787 t 3.749562 3.598845 300 7.9  
41813 t 4.251381 0.729252 300 17.6  
41917 t 3.974211 2.182956 300 3.2  
41933 w 2.046129 3.87611 1 1 300 0.845
41976 t 2.881484 1.314255 300 8.2  
41991 t 2.954931 4.967398 300 9.7  
42087 w 1.331284 2.537128 1 1 300 0.961
42216 w 3.575565 2.595395 1 1 300 0.703
42230 t 2.233787 3.094613 300 8.2  
42237 w 2.597106 1.265349 1 1 300 0.796
42280 t 4.303202 2.597518 300 4  
42337 w 0.497688 3.437878 1 1 300 0.638
42401 t 2.824108 3.278989 300 10.2  
42519 t 0.872391 1.91731 300 11.9  
42531 t 0.64513 2.077708 300 7.9  
42579 t 1.016196 2.368639 300 13.6  
42625 t 0.153474 3.09041 300 7.7  
42671 t 3.745897 3.432385 300 16.2  
42770 w 1.076185 4.433261 1 1 300 0.635
42823 t 2.081972 4.804457 300 7.7  
42874 t 3.76317 3.483721 300 8.7  
42902 t 0.456976 4.954641 300 8.8  
42968 t 4.081572 2.072201 300 8.3  
43049 w 4.09293 2.147227 1 1 300 0.755
43085 w 3.847184 3.637733 1 1 300 0.747
43161 t 0.917141 2.917794 300 13.4  
43200 t 2.242671 0.254958 300 12.3  
43253 t 3.307167 1.620338 300 15.8  
43287 w 2.110877 3.885407 1 1 300 0.634
43363 t 1.611558 4.602575 300 4.2  
43428 t 0.05371 0.960261 300 18.3  
43474 t 1.056948 2.624765 300 10.3  
43530 w 3.878158 0.243956 1 1 300 0.788
43556 w 1.473246 3.262873 1 1 300 0.778
43617 t 4.136155 2.939006 300 10.6  
43672 t 3.852839 4.791075 300 12.6  
43766 t 3.246932 4.386838 300 8.3  
43824 w 2.676655 2.232452 1 1 300 0.831
43845 t 1.81893 1.225228 300 11.5  
43907 t 4.882956 0.361034 300 7.3  
43936 w 3.01246 4.34494 1 1 300 0.92
43999 w 0.651041 4.986621 1 1 300 0.765
44104 w 0.430262 2.636567 1 1 300 0.741
44142 w 0.513946 3.044308 1 1 300 0.912
44197 w 2.956737 0.934757 1 1 300 0.848
44236 w 1.092507 2.718722 1 1 300 0.841
44246 t 2.930381 3.635589 300 13.6  
44367 w 4.172572 2.363006 1 1 300 0.867
44433 w 2.915437 2.237227 1 1 300 0.945
44473 t 0.278117 1.131769 300 13.3  
44504 t 4.300061 3.314516 300 7.7  
44537 w 0.737435 3.415762 1 1 300 0.918
44571 w 1.752024 1.049584 1 1 300 0.832
44672 t 3.337102 3.618314 300 10.9  
44765 w 4.201183 1.381889 1 1 300 0.807
44785 w 1.784154 1.329178 1 1 300 0.98
44812 t 3.350025 2.704724 300 8.5  
44861 w 2.987058 4.553278 1 1 300 0.723
44958 t 1.111002 1.133445 300 6.7  
45011 w 1.937072 0.392763 1 1 300 0.73
45065 t 3.883998 1.463035 300 13.8  
45094 t 0.228049 4.406389 300 10.2  
45150 w 3.658546 3.54944 1 1 300 0.673
45217 w 1.127392 3.737799 1 1 300 0.875
45272 t 3.177624 4.696294 300 9.1  
45365 t 2.952498 4.170072 300 14.5  
45391 t 2.989883 2.295109 300 7.3  
45402 t 0.48396 1.336843 300 13.2  
45504 t 3.915902 0.575707 300 9.4  
45539 w 4.372126 3.406688 1 1 300 0.81
45651 t 3.786781 3.086445 300 8.5  
45665 w 2.16822 1.524287 1 1 300 0.93
45697 w 3.762654 3.988219 1 1 300 0.773
45793 w 2.85238 2.47827 1 1 300 0.722
45816 w 3.401847 2.585364 1 1 300 0.652
45919 t 0.471468 2.561568 300 6.9  
45964 w 2.303424 4.821328 1 1 300 0.74
45970 w 3.183778 1.493645 1 1 300 0.656
46076 t 0.104569 0.25459 300 17.6  
46108 w 4.678291 2.35674 1 1 300 0.724
46189 w 3.117939 3.546829 1 1 300 0.967
46236 t 0.907469 2.850846 300 13.8  
46267 w 4.025832 1.327173 1 1 300 0.815
46301 t 1.994721 1.790948 300 9.1  
46390 t 2.979506 3.919548 300 9.4  
46414 t 4.955753 2.186261 300 3.9  
46512 t 0.134608 1.246059 300 7.9  
46567 t 3.377457 4.988244 300 13.6  
46598 w 2.211384 4.204427 1 1 300 0.756
46681 t 1.7183 2.749801 300 12.2  
46693 w 4.452542 3.112409 1 1 300 0.821
46807 w 0.09034 2.686776 1 1 300 0.843
46836 w 3.235441 1.104777 1 1 300 0.774
46891 w 1.758245 2.399019 1 1 300 0.896
46959 w 4.175246 3.295305 1 1 300 0.877
46983 w 2.814685 2.646681 1 1 300 0.695
47096 w 3.172795 2.789969 1 1 300 0.972
47113 t 2.606376 2.309925 300 12.9  
47183 w 3.399988 0.291911 1 1 300 0.986
47255 t 0.374684 4.716374 300 9  
47261 w 0.521804 4.51322 1 1 300 0.631
47304 w 2.536851 0.20145 1 1 300 0.95
47405 t 3.66994 3.592419 300 13  
47429 w 2.748904 3.678545 1 1 300 0.924
47533 t 0.922305 4.190448 300 13.4  
47560 t 2.675002 4.932343 300 5  
47561 w 0.187164 0.762369 1 1 300 0.81
47645 t 3.234845 0.647837 300 8.1  
47717 t 2.407731 3.574259 300 12.7  
47753 w 3.986252 3.19595 1 1 300 0.788
47838 w 4.017978 4.810027 1 1 300 0.778
47861 t 0.086462 0.532083 300 8.2  
47878 w 0.436133 1.571504 1 1 300 0.335
47996 t 0.226493 4.644701 300 4.7  
48037 t 4.537191 3.367083 300 7.8  
48127 t 0.471784 1.369184 300 12.3  
48153 w 0.859556 1.396206 1 1 300 0.967
48166 w 1.463428 4.671664 1 1 300 0.834
48291 t 0.699062 3.476301 300 13.8  
48311 w 2.738481 0.821136 1 1 300 0.902
48386 t 3.258057 4.560254 300 13.8  
48434 w 2.180931 4.355772 1 1 300 0.851
48456 t 0.163016 4.602579 300 11  
48545 t 2.647484 1.252582 300 13.9  
48604 t 4.411644 2.281074 300 4.5  
48681 w 4.891375 0.344672 1 1 300 0.728
48687 t 4.684218 0.88654 300 13.9  
48748 t 3.488454 0.650309 300 10  
48820 t 4.228676 3.331767 300 10.5  
48856 t 0.209087 4.658653 300 4.1  
48940 w 4.497963 3.267558 1 1 300 0.862
48986 t 3.353775 1.681478 300 6.5  
49012 t 4.874627 1.482794 300 16.6  
49109 w 1.739333 3.866038 1 1 300 0.78
49123 t 2.606687 4.243663 300 12.6  
49233 w 4.579258 0.191066 1 1 300 0.884
49275 t 4.657948 0.182165 300 10.8  
49308 w 3.494945 0.312872 1 1 300 0.714
49318 t 0.709655 2.738483 300 5.5  
49422 w 4.756649 3.789048 1 1 300 0.965
49459 w 3.477327 3.745876 1 1 300 0.942
49537 t 4.426187 1.443101 300 12.3  
49584 t 2.024762 3.652542 300 8.7  
49618 t 0.055992 3.20088 300 10.7  
49637 w 2.398293 4.651596 1 1 300 0.95
49756 t 4.232948 2.211121 300 5.3  
49826 w 1.626937 1.208822 1 1 300 0.642
49839 w 1.322481 2.250229 1 1 300 0.959
49913 t 4.320041 2.677305 300 7.5  
49923 w 1.491037 1.882139 1 1 300 0.856
49959 w 0.781033 3.355225 1 1 300 0.945
50086 t 3.305791 3.996052 300 13.9  
50139 w 2.494095 0.029567 1 1 300 0.693
50146 t 2.678532 1.445924 300 9  
50222 t 3.708906 1.111296 300 13  
50225 t 2.324819 3.612 300 9.3  
50363 w 1.49447 4.112479 1 1 300 0.981
50429 w 0.257713 3.595771 1 1 300 0.964
50442 t 4.558451 4.655703 300 14.7  
50489 t 0.445687 1.282123 300 8  
50523 t 1.679845 3.828274 300 7.5  
50548 t 3.564041 4.770783 300 8.4  
50707 t 4.559112 3.401936 300 6.9  
50731 t 0.189346 4.932585 300 4.7  
50779 w 3.417973 2.64922 1 1 300 0.852
50820 w 2.181207 0.01887 1 1 300 0.874
50842 t 3.726344 4.252595 300 10.2  
51002 w 0.500375 2.13852 1 1 300 0.654
51023 w 4.300235 3.764164 1 1 300 0.815
51038 t 2.177191 4.974967 300 10.2  
51102 t 2.104589 0.479504 300 3.4  
51135 t 3.377425 2.936866 300 3.5  
51149 t 4.795456 4.349134 300 11.2  
51308 w 1.210006 1.84467 1 1 300 0.711
51337 t 0.021165 3.772335 300 17.3  
51390 w 3.324273 4.606054 1 1 300 0.637
51411 t 1.193488 0.215635 300 7  
51446 t 3.070735 4.258866 300 12.7  
51562 w 2.344208 2.807001 1 1 300 0.8
51615 t 1.369481 2.52585 300 5.5  
51652 w 1.92027 3.226529 1 1 300 0.885
51701 t 3.315864 1.521886 300 7.4  
51731 w 3.306707 1.86362 1 1 300 0.789
51786 t 2.764874 1.034182 300 14.5  
51884 t 4.70633 3.33985 300 12  
51936 t 2.227341 1.129128 300 11.4  
51986 w 0.026151 4.112692 1 1 300 0.929
52001 w 4.234742 2.724785 1 1 300 0.711
52053 w 1.052093 2.188542 1 1 300 0.742
52087 w 3.115909 3.03635 1 1 300 0.987
52192 w 4.060695 2.088337 1 1 300 0.762
52267 t 2.323004 4.574303 300 10.4  
52293 w 3.976564 0.557348 1 1 300 0.956
52348 t 3.645132 3.867406 300 4.7  
52359 t 1.60409 1.374641 300 8.7  
52407 w 0.500237 3.154611 1 1 300 0.769
52536 t 1.626018 0.44193 300 10.2  
52580 w 1.119643 3.222122 1 1 300 0.711
52643 t 1.311278 3.695703 300 8.9  
52656 t 1.622258 1.078783 300 14.5  
52693 t 2.923325 4.318691 300 10  
52772 w 3.512424 4.824109 1 1 300 0.728
52852 t 3.001048 3.519783 300 9.2  
52922 t 1.157566 4.468728 300 8.3  
52944 t 1.024017 0.848336 300 15  
52979 t 2.592223 3.596663 300 12.4  
53038 t 3.205135 2.123084 300 14.9  
53109 w 1.631045 3.946884 1 1 300 0.956
53206 t 0.348547 2.942646 300 7.6  
53240 w 1.350355 1.036513 1 1 300 0.946
53272 t 2.24546 3.493182 300 13.9  
53336 w 4.513497 1.158485 1 1 300 0.387
53352 w 3.641684 4.39101 1 1 300 0.747
53424 t 0.799364 2.791642 300 17.3  
53510 t 2.194938 0.672535 300 7.9  
53544 t 4.335819 4.821744 300 16  
53586 t 4.907828 4.789493 300 8.4  
53647 t 4.890723 2.994936 300 13.1  
53716 t 3.50829 3.502395 300 8.5  
53796 t 2.158933 3.758717 300 10.7  
53831 t 2.982752 2.512193 300 8.4  
53863 w 2.502676 4.267255 1 1 300 0.883
53918 t 3.58056 3.198814 300 8.2  
53953 t 4.925882 1.022181 300 9  
54038 w 2.306476 4.587795 1 1 300 0.841
54105 t 4.118357 2.347785 300 13.9  
54140 t 1.212698 0.738398 300 7.9  
54164 w 2.111402 1.792824 1 1 300 0.695
54241 t 0.692628 4.902513 300 16.7  
54268 w 2.551814 2.676005 1 1 300 0.98
54387 t 3.234593 1.548531 300 11.5  
54414 w 2.139437 4.690345 1 1 300 0.925
54441 t 4.449306 2.910074 300 15.9  
54528 w 0.138573 4.77349 1 1 300 0.969
54548 t 3.60329 2.590928 300 10.2  
54594 w 2.59234 2.717323 1 1 300 0.852
54702 t 1.183963 2.150991 300 8.8  
54722 w 2.740262 4.704449 1 1 300 0.984
54775 t 2.684324 2.455365 300 9.1  
54830 t 2.541183 1.959815 300 12.7  
54861 t 1.67295 3.918061 300 17.3  
55002 t 4.337989 2.805397 300 18  
55007 t 2.319321 4.704223 300 8.9  
55026 w 4.198825 0.161331 1 1 300 0.966
55105 t 2.407739 3.965409 300 9.9  
55154 t 0.020311 2.212911 300 15.6  
55211 w 4.828959 0.314336 1 1 300 0.754
55304 w 0.832938 1.675215 1 1 300 0.904
55325 t 3.641789 4.929426 300 10.7  
55371 t 3.579438 1.81605 300 8.4  
55422 w 1.841922 2.259226 1 1 300 0.873
55454 t 4.679675 0.11746 300 13.3  
55587 w 4.521559 3.149314 1 1 300 0.764
55609 t 2.366537 1.341377 300 12.9  
55662 t 2.530753 0.131394 300 6.5  
55679 w 3.411999 3.991787 1 1 300 0.851
55722 t 0.872024 4.416279 300 13.3  
55869 t 1.429565 4.180298 300 13.2  
55898 w 3.635164 3.690981 1 1 300 0.652
55918 w 3.587357 4.156542 1 1 300 0.906
55965 w 1.172438 0.53829 1 1 300 0.643
55980 t 2.88013 0.582041 300 7.8  
56127 w 0.538301 0.986324 1 1 300 0.864
56194 w 4.24064 0.357022 1 1 300 0.933
56202 t 1.01891 2.132408 300 15  
56225 w 2.562267 2.707187 1 1 300 0.836
56272 w 4.842146 4.959887 1 1 300 0.703
56412 t 3.332498 4.554717 300 6  
56467 w 2.275986 4.759266 1 1 300 0.901
56501 t 3.848604 3.774048 300 5.1  
56513 t 3.652985 2.271226 300 6  
56570 t 4.389383 3.871112 300 14.6  
56609 w 2.108696 1.189992 1 1 300 0.934
56742 t 0.114887 2.067828 300 3.4  
56767 w 0.643117 2.748053 1 1 300 0.856
56806 w 4.260578 4.160132 1 1 300 0.87
56815 t 1.95995 1.348307 300 7.5  
56882 t 4.263823 4.651643 300 12  
56924 w 3.449473 3.924445 1 1 300 0.645
57061 t 2.410854 2.470002 300 7.2  
57083 w 3.697904 3.218143 1 1 300 0.936
57113 t 4.963754 0.998455 300 14.8  
57157 w 4.54185 4.306074 1 1 300 0.982
57205 t 4.013783 0.469423 300 7.5  
57337 t 3.776966 2.611325 300 7.9  
57373 t 0.318019 2.311705 300 12.6  
57408 t 3.037683 3.537811 300 6.4  
57445 t 3.526683 4.807117 300 13.3  
57467 t 0.580364 1.616866 300 12.2  
57510 t 2.408013 0.127325 300 13.9  
57663 t 0.437504 3.352708 300 8.1  
57697 w 4.581095 3.521272 1 1 300 0.739
57743 w 1.584637 1.184303 1 1 300 0.949
57746 t 0.897129 0.955775 300 7.1  
57773 w 4.650428 2.242896 1 1 300 0.838
57863 t 1.186338 3.984398 300 13.4  
57973 w 2.746601 3.970344 1 1 300 0.9
57997 w 0.775166 2.998342 1 1 300 0.889
58043 w 4.703629 4.246782 1 1 300 0.756
58068 t 4.414227 0.963483 300 7.5  
58161 t 1.454533 1.482848 300 10.5  
58269 w 4.363301 1.931252 1 1 300 0.876
58277 t 0.514954 2.426779 300 12.3  
58307 t 1.412726 0.825198 300 9.3  
58344 w 1.402048 3.682712 1 1 300 0.663
58414 t 0.682786 4.878109 300 4  
58560 t 4.584605 2.861645 300 7  
58571 t 0.402865 3.627131 300 9.1  
58577 w 3.203929 4.836963 1 1 300 0.835
58640 w 1.180702 2.081323 1 1 300 0.739
58666 t 2.348424 0.769483 300 5.8  
58814 w 0.744737 3.55159 1 1 300 0.813
58860 t 0.228344 3.525321 300 15.8  
58875 t 2.717262 3.938577 300 7.9  
58930 w 2.558884 2.151104 1 1 300 0.37
58956 w 3.585542 3.409433 1 1 300 0.883
59018 w 2.984797 4.939186 1 1 300 0.73
59156 w 0.119364 4.854584 1 1 300 0.824
59161 t 4.903963 1.348474 300 7.1  
59181 w 3.521771 3.827243 1 1 300 0.967
59250 t 3.897279 1.444669 300 13  
59291 t 0.943339 1.13348 300 13.1  
59320 w 2.719785 1.312958 1 1 300 0.874
59457 w 4.3337 4.180273 1 1 300 0.237
59474 t 0.570853 1.478454 300 9.4  
59526 w 3.04384 1.154522 1 1 300 0.796
59584 t 2.594094 4.114844 300 13.8  
59592 w 3.801919 4.78751 1 1 300 0.8
59672 w 2.707839 1.979458 1 1 300 0.633
59764 w 3.390468 1.485196 1 1 300 0.909
59817 w 3.31505 0.259939 1 1 300 0.691
59854 w 3.797144 0.741819 1 1 300 0.839
59889 t 2.564569 3.548402 300 6.5  
59939 t 1.730162 4.375213 300 12.6  
60019 t 2.623271 3.400638 300 8  
60081 w 1.496411 1.328367 1 1 300 0.654
60128 t 1.052976 4.72878 300 14.4  
60155 t 4.741581 3.236485 300 13.3  
60198 t 3.64323 0.422787 300 6.9  
60244 w 2.041971 4.557758 1 1 300 0.969
60365 t 1.039541 1.22356 300 9.7  
60428 w 3.147272 0.143042 1 1 300 0.688
60441 t 0.707188 1.539048 300 13.4  
60463 t 1.3159 2.579955 300 13.1  
60527 t 1.725567 4.852055 300 9  
60635 t 4.346197 1.365586 300 4.2  
60683 t 0.851708 4.294085 300 15.6  
60734 w 1.068761 1.999527 1 1 300 0.802
60745 t 1.970844 0.482537 300 7.7  
60823 w 3.249375 1.952282 1 1 300 0.984
60911 t 1.116457 2.003863 300 16.2  
60939 t 2.441275 2.555483 300 13.7  
61029 t 4.968051 4.838165 300 8.8  
61036 t 0.653928 3.973012 300 8.1  
61113 t 4.610793 4.37484 300 10.9  
61179 w 3.94614 4.344762 1 1 300 0.892
61211 t 3.382517 0.321931 300 11.1  
61281 t 2.727327 0.316757 300 16.1  
61332 w 1.396478 3.762554 1 1 300 0.917
61347 w 2.078372 1.740241 1 1 300 0.648
61435 w 0.850076 4.816433 1 1 300 0.7
61480 t 0.371074 4.51913 300 17.5  
61542 t 3.770078 4.51204 300 10.1  
61626 t 1.271001 4.548918 300 4.3  
61640 t 4.374471 1.51016 300 13.5  
61694 w 0.395955 1.576766 1 1 300 0.67
61741 w 3.569303 0.529241 1 1 300 0.777
61839 w 4.029425 1.461742 1 1 300 0.321
61873 t 1.34174 0.475454 300 10  
61935 w 4.089938 3.056178 1 1 300 0.976
61950 t 2.490975 3.991838 300 13.5  
62036 w 4.925926 4.052949 1 1 300 0.813
62101 t 0.405774 2.364981 300 10.9  
62157 t 4.435153 1.905248 300 13.7  
62197 w 1.175902 2.308448 1 1 300 0.827
62240 t 4.403528 1.068884 300 11.4  
62322 t 3.558592 3.287418 300 12.4  
62398 w 4.42802 2.053427 1 1 300 0.731
62434 w 2.871656 1.008142 1 1 300 0.694
62465 w 2.493512 0.399453 1 1 300 0.856
62512 w 2.836686 1.236791 1 1 300 0.69
62589 t 2.558589 2.251622 300 7.5  
62648 t 2.636951 1.238808 300 17.6  
62725 w 3.939277 1.517608 1 1 300 0.647
62736 t 0.514601 2.062198 300 11.1  
62790 t 1.196637 4.761787 300 12.5  
62842 t 4.553016 4.758811 300 18.1  
62903 w 4.27822 2.37293 1 1 300 0.796
63011 t 2.200597 1.181703 300 10.6  
63036 t 0.423475 3.012692 300 14.5  
63086 w 1.238501 2.645827 1 1 300 0.981
63100 w 1.350385 1.047594 1 1 300 0.742
63143 t 3.355808 3.293066 300 14.8  
63301 t 3.477592 2.774763 300 7.1  
63334 t 1.283288 0.317749 300 10.9  
63362 t 4.796101 2.408372 300 10.2  
63400 w 3.331425 2.455663 1 1 300 0.983
63413 w 2.201258 2.252861 1 1 300 0.711
63522 t 2.485486 1.371562 300 7.8  
63623 t 4.954083 1.738692 300 17.2  
63659 t 1.259292 3.987653 300 14.3  
63682 w 3.711769 2.035182 1 1 300 0.81
63708 t 2.758219 3.963683 300 8.2  
63716 t 4.793995 3.327054 300 4.4  
63886 w 2.481192 3.011967 1 1 300 0.74
63947 t 4.328289 4.6831 300 13.3  
63960 w 4.448953 0.014672 1 1 300 0.739
63985 w 3.002847 1.346011 1 1 300 0.822
64013 w 1.91995 3.892561 1 1 300 0.823
64172 t 3.534192 2.387219 300 13.6  
64193 t 0.938938 0.70468 300 10.6  
64254 w 1.462764 2.312824 1 1 300 0.658
64275 t 2.508623 3.983889 300 12.5  
64307 t 1.656401 3.642529 300 7.2  
64433 t 0.933409 4.179893 300 5.6  
64483 w 4.463726 2.557386 1 1 300 0.943
64498 w 0.383034 3.514385 1 1 300 0.736
64575 t 4.451991 1.876536 300 11.7  
64601 t 3.013219 2.026553 300 9.9  
64707 t 2.723116 3.509999 300 14.3  
64756 t 4.59792 3.699175 300 12.6  
64794 w 1.773968 2.080461 1 1 300 0.638
64816 t 4.864055 1.220026 300 11.4  
64901 w 4.105473 0.578992 1 1 300 0.796
64999 t 2.047793 3.152505 300 15.3  
65038 w 0.908186 3.23525 1 1 300 0.984
65077 t 2.555847 0.513771 300 4  
65097 w 3.291421 0.274985 1 1 300 0.881
65182 t 4.922211 2.741881 300 12.1  
65248 w 2.930059 4.437744 1 1 300 0.68
65299 w 4.985082 0.982975 1 1 300 0.834
65358 w 1.194334 1.486533 1 1 300 0.657
65392 w 0.647474 4.841843 1 1 300 0.922
65441 t 0.267103 0.009938 300 12.3  
65504 w 4.370033 3.656721 1 1 300 0.248
65562 w 2.282183 3.285359 1 1 300 0.696
65599 t 2.382176 3.117784 300 11.2  
65671 t 2.721393 1.932066 300 7.1  
65740 w 3.073502 4.130149 1 1 300 0.734
65790 w 2.797494 1.639989 1 1 300 0.893
65815 t 1.683078 3.041141 300 10.3  
65872 w 3.554327 4.692783 1 1 300 0.835
65960 t 0.487376 0.840943 300 14  
65995 w 4.750038 2.870009 1 1 300 0.952
66047 t 2.678181 3.25676 300 11.1  
66114 w 3.884159 1.206323 1 1 300 0.858
66166 t 3.31637 0.459174 300 14.6  
66211 t 1.845209 3.900141 300 9.4  
66261 w 2.455532 1.658144 1 1 300 0.856
66312 w 2.963831 2.222163 1 1 300 0.808
66355 t 0.72096 0.335621 300 8  
66443 w 2.801054 2.864339 1 1 300 0.849
66500 w 0.619091 4.385625 1 1 300 0.679
66549 w 1.978864 0.177549 1 1 300 0.85
66610 w 2.129285 2.361774 1 1 300 0.831
66626 t 3.28835 0.660865 300 16.6  
66670 w 0.777498 0.973421 1 1 300 0.855
66780 t 0.642942 0.811289 300 9.4  
66820 w 1.63432 3.60503 1 1 300 0.689
66875 t 2.044155 1.531505 300 15.2  
66914 w 0.55557 3.982388 1 1 300 0.959
66966 t 3.704522 0.285038 300 14.9  
66987 w 3.920732 1.545124 1 1 300 0.83
67104 w 2.402303 1.097512 1 1 300 0.746
67149 t 4.744574 0.486764 300 13.1  
67195 t 4.393298 2.276784 300 12.1  
67219 t 3.290869 4.740311 300 10.8  
67282 w 0.119246 4.626124 1 1 300 0.89
67379 t 4.931643 2.133165 300 9.3  
67409 t 2.122233 1.950113 300 11.6  
67485 t 3.825237 2.81685 300 9.7  
67502 w 0.598463 2.401209 1 1 300 0.909
67576 w 3.992475 1.638998 1 1 300 0.95
67653 w 1.576854 1.843937 1 1 300 0.713
67680 t 2.642737 1.913481 300 13.3  
67777 w 1.099643 0.89681 1 1 300 0.905
67791 t 1.469957 0.176831 300 19.2  
67856 t 0.991462 4.719544 300 7.8  
67924 w 0.460907 2.42154 1 1 300 0.769
67965 t 3.939223 0.714463 300 13.8  