400 713 20 1245
0 0 w 1.596152 1.361313 1.000000 1 300 0.971000
0 78 t 4.840456 0.823170 300 7.6
1 83 t 1.100989 3.050902 300 11.5
2 110 t 3.838879 2.910074 300 11.0
3 200 t 3.254979 1.712576 300 16.1
4 245 t 3.761649 4.568736 300 10.3
5 312 t 4.039824 0.447002 300 12.2
1 382 w 0.357377 3.320052 1.000000 1 300 0.641000
2 387 w 2.200781 3.408336 1.000000 1 300 0.904000
3 440 w 2.451746 4.318107 1.000000 1 300 0.749000
4 524 w 3.750903 1.097032 1.000000 1 300 0.944000
5 571 w 2.556651 2.667474 1.000000 1 300 0.914000
6 646 w 4.375031 0.071423 1.000000 1 300 0.642000
6 683 t 3.251934 3.258930 300 6.8
7 714 t 1.267694 2.254575 300 10.7
7 819 w 2.035181 3.249446 1.000000 1 300 0.926000
8 849 w 2.274789 1.424298 1.000000 1 300 0.665000
9 927 w 0.232103 0.037927 1.000000 1 300 0.677000
8 966 t 3.556673 2.988708 300 11.9
10 1008 w 4.676368 3.376570 1.000000 1 300 0.916000
11 1067 w 3.770521 0.940535 1.000000 1 300 0.947000
9 1148 t 1.204150 4.385858 300 11.6
10 1162 t 4.292664 4.468946 300 10.9
11 1227 t 4.874981 3.583091 300 10.5
12 1286 t 3.711971 4.238435 300 15.7
13 1366 t 1.498780 4.776134 300 7.9
14 1431 t 2.693775 3.032044 300 6.6
15 1452 t 2.639288 4.691049 300 6.6
16 1524 t 3.094167 3.431762 300 7.3
17 1534 t 4.138434 2.999190 300 10.4
12 1603 w 0.484897 1.368777 1.000000 1 300 0.787000
18 1707 t 2.825819 3.526285 300 8.9
19 1749 t 2.140983 4.636855 300 8.5
20 1805 t 1.723868 0.620227 300 9.7
13 1829 w 1.972695 2.447892 1.000000 1 300 0.733000
21 1863 t 2.244512 0.789960 300 8.9
22 1961 t 2.852474 1.624374 300 6.7
23 2032 t 0.014351 1.020456 300 3.2
24 2091 t 4.193774 0.134692 300 14.0
14 2129 w 0.868580 3.770682 1.000000 1 300 0.909000
25 2135 t 1.430240 1.217722 300 7.8
26 2246 t 1.720504 2.064918 300 12.7
15 2277 w 0.852385 3.862365 1.000000 1 300 0.872000
27 2372 t 2.740514 2.728813 300 14.1
16 2411 w 2.530944 3.522522 1.000000 1 300 0.911000
17 2434 w 4.046269 3.158264 1.000000 1 300 0.846000
18 2487 w 2.125247 1.767343 1.000000 1 300 0.801000
28 2546 t 3.866795 2.110508 300 17.3
29 2600 t 1.019271 0.616924 300 14.7
19 2677 w 0.123428 4.228697 1.000000 1 300 0.763000
30 2719 t 3.243163 1.015578 300 12.3
20 2775 w 0.913279 0.297570 1.000000 1 300 0.926000
21 2834 w 4.871979 1.985832 1.000000 1 300 0.772000
31 2866 t 1.423222 3.649159 300 10.9
32 2967 t 2.195753 1.457191 300 6.6
22 2993 w 1.499914 1.595185 1.000000 1 300 0.753000
23 3059 w 0.875309 3.669754 1.000000 1 300 0.950000
33 3101 t 4.562017 1.304577 300 10.2
34 3160 t 2.557402 4.182249 300 14.5
35 3182 t 3.967731 3.430125 300 16.5
36 3274 t 0.524474 3.031555 300 15.3
37 3341 t 1.581368 2.871687 300 14.0
24 3396 w 0.972326 0.495998 1.000000 1 300 0.886000
25 3433 w 3.708515 0.154034 1.000000 1 300 0.791000
38 3481 t 1.552440 3.785585 300 3.3
26 3532 w 2.496966 4.831836 1.000000 1 300 0.659000
27 3585 w 4.902222 1.891864 1.000000 1 300 0.904000
39 3691 t 0.778692 3.137932 300 12.8
40 3707 t 3.054417 2.961820 300 10.1
41 3773 t 1.653012 4.395852 300 3.5
42 3827 t 1.600038 3.112504 300 14.8
28 3852 w 3.558163 2.755666 1.000000 1 300 0.764000
29 3988 w 1.598899 3.792168 1.000000 1 300 0.978000
43 3995 t 3.412278 1.254687 300 9.3
30 4016 w 0.446814 2.110302 1.000000 1 300 0.868000
44 4087 t 3.948505 0.920282 300 11.1
31 4135 w 4.513641 4.790875 1.000000 1 300 0.909000
45 4181 t 1.349450 2.152138 300 6.8
32 4294 w 4.594663 4.944875 1.000000 1 300 0.758000
33 4301 w 2.514063 4.326151 1.000000 1 300 0.863000
34 4384 w 2.933905 4.663109 1.000000 1 300 0.981000
35 4430 w 3.647899 4.352120 1.000000 1 300 0.698000
46 4474 t 1.378122 3.388953 300 9.6
47 4510 t 2.876513 1.323692 300 13.2
48 4601 t 0.080934 4.180162 300 7.2
49 4606 t 4.930944 0.717447 300 13.9
50 4693 t 2.187002 0.183830 300 14.2
51 4768 t 0.781713 3.778617 300 7.0
52 4792 t 4.378411 0.357391 300 9.0
53 4828 t 4.197367 2.656131 300 12.3
36 4902 w 2.737126 3.126019 1.000000 1 300 0.640000
54 4935 t 2.022549 3.396490 300 13.3
37 5063 w 4.173651 1.627100 1.000000 1 300 0.928000
38 5082 w 2.540279 2.958762 1.000000 1 300 0.904000
55 5096 t 2.230154 4.759123 300 9.9
56 5170 t 4.525656 2.398754 300 9.2
57 5231 t 2.528613 3.229442 300 13.5
58 5332 t 0.516733 1.468162 300 12.3
59 5377 t 1.860991 2.860139 300 8.8
60 5396 t 1.597980 1.826163 300 9.2
61 5422 t 4.505110 3.801813 300 9.7
39 5492 w 4.455688 0.873758 1.000000 1 300 0.717000
40 5601 w 4.718720 4.694140 1.000000 1 300 0.946000
41 5656 w 0.499320 3.000269 1.000000 1 300 0.760000
42 5689 w 3.917043 0.380337 1.000000 1 300 0.951000
43 5699 w 0.737230 0.619303 1.000000 1 300 0.976000
62 5778 t 0.205581 1.503838 300 5.6
63 5837 t 3.448610 1.330277 300 9.9
44 5912 w 4.445509 1.262847 1.000000 1 300 0.972000
64 5975 t 4.444774 0.732754 300 14.0
65 5994 t 2.008790 1.968970 300 5.3
66 6022 t 4.678737 4.820807 300 4.5
67 6092 t 0.849124 3.750880 300 4.4
68 6207 t 3.095441 4.705085 300 9.2
69 6265 t 3.206317 1.207226 300 12.3
70 6275 t 2.249611 3.886707 300 8.0
45 6295 w 0.198354 0.869522 1.000000 1 300 0.263000
71 6388 t 0.825304 2.866113 300 5.2
72 6502 t 1.036241 0.942740 300 14.5
73 6561 t 1.212970 1.045343 300 7.6
74 6570 t 4.243024 4.269185 300 11.5
46 6593 w 1.546405 0.100844 1.000000 1 300 0.687000
75 6658 t 1.996080 0.380158 300 12.6
76 6730 t 3.577726 3.447780 300 9.3
47 6810 w 1.525153 2.626268 1.000000 1 300 0.764000
48 6861 w 1.622529 1.326503 1.000000 1 300 0.862000
77 6890 t 2.566930 1.176219 300 14.7
78 6895 t 1.966439 2.971933 300 9.2
79 6958 t 1.152924 0.875494 300 15.9
49 7061 w 3.307347 3.180486 1.000000 1 300 0.775000
80 7149 t 3.135033 0.169873 300 5.7
81 7168 t 4.645439 3.774671 300 10.6
82 7195 t 0.368974 4.638013 300 10.7
50 7256 w 4.776527 4.307580 1.000000 1 300 0.853000
83 7357 t 4.966148 0.510052 300 11.3
84 7412 t 3.871242 1.002959 300 16.8
51 7461 w 3.523761 1.855074 1.000000 1 300 0.676000
85 7492 t 0.183070 0.706179 300 7.0
52 7505 w 0.198991 0.547081 1.000000 1 300 0.820000
86 7623 t 4.290701 1.784963 300 10.4
53 7703 w 3.963864 0.268118 1.000000 1 300 0.862000
87 7714 t 0.754220 3.971927 300 17.0
54 7772 w 0.990544 3.182367 1.000000 1 300 0.929000
88 7804 t 3.252355 2.390766 300 11.2
89 7909 t 0.511578 4.673562 300 10.1
55 8003 w 2.158158 2.315078 1.000000 1 300 0.979000
90 8003 t 1.367769 3.513482 300 13.2
91 8017 t 1.796752 1.842565 300 7.4
56 8100 w 0.895662 3.138822 1.000000 1 300 0.718000
92 8105 t 4.698038 0.710272 300 18.1
93 8209 t 3.549887 3.562060 300 7.7
57 8303 w 4.726530 4.380787 1.000000 1 300 0.717000
58 8312 w 0.282575 4.657802 1.000000 1 300 0.894000
94 8339 t 2.900673 4.978358 300 9.2
95 8402 t 4.623465 2.490520 300 10.9
59 8410 w 1.027716 1.663019 1.000000 1 300 0.632000
60 8582 w 0.926426 1.651046 1.000000 1 300 0.834000
96 8605 t 0.282730 3.132744 300 17.7
97 8623 t 4.171820 1.784367 300 12.4
98 8701 t 1.419890 3.712120 300 11.6
99 8707 t 1.385998 2.348460 300 7.8
61 8851 w 2.187507 0.821631 1.000000 1 300 0.775000
62 8897 w 4.811906 0.549147 1.000000 1 300 0.804000
100 8917 t 0.187491 1.993041 300 10.1
101 8975 t 4.324557 0.369093 300 2.9
63 9007 w 4.599484 3.364202 1.000000 1 300 0.933000
102 9099 t 0.805162 2.250343 300 10.9
103 9196 t 3.345048 4.431389 300 11.0
64 9205 w 1.246420 3.887136 1.000000 1 300 0.710000
104 9236 t 3.217013 1.725238 300 6.9
105 9283 t 3.980652 4.136143 300 7.7
106 9317 t 0.317606 2.377354 300 13.5
65 9493 w 4.729089 4.725090 1.000000 1 300 0.830000
66 9496 w 4.584511 3.174383 1.000000 1 300 0.699000
67 9518 w 4.582059 0.238156 1.000000 1 300 0.989000
68 9547 w 4.442877 1.923663 1.000000 1 300 0.849000
69 9598 w 1.482198 2.427165 1.000000 1 300 0.950000
70 9698 w 2.424194 3.013978 1.000000 1 300 0.693000
71 9795 w 3.930500 2.628790 1.000000 1 300 0.942000
72 9797 w 1.848723 4.950015 1.000000 1 300 0.979000
107 9847 t 1.495694 0.645552 300 3.5
73 9883 w 3.775001 1.085117 1.000000 1 300 0.871000
74 9982 w 2.764170 2.821675 1.000000 1 300 0.875000
108 10018 t 2.664874 4.375899 300 9.6
109 10097 t 2.951732 3.209516 300 13.9
110 10141 t 4.100374 1.886798 300 14.2
111 10172 t 1.461766 1.643529 300 7.7
75 10208 w 1.836058 3.385608 1.000000 1 300 0.730000
112 10304 t 1.271645 3.109934 300 3.2
113 10341 t 3.404601 3.469889 300 10.3
114 10436 t 0.031684 3.016118 300 8.1
115 10449 t 1.192832 2.515477 300 7.1
76 10491 w 4.588107 0.942838 1.000000 1 300 0.825000
116 10566 t 4.520201 4.150515 300 7.1
117 10616 t 3.585084 0.119882 300 10.4
118 10696 t 3.431324 4.922004 300 17.5
119 10742 t 4.326899 3.607531 300 8.0
77 10759 w 4.444171 3.386356 1.000000 1 300 0.807000
120 10846 t 3.647275 0.447732 300 8.1
121 10889 t 1.737955 2.697541 300 10.6
122 10976 t 3.081972 3.059238 300 11.5
78 11003 w 4.916902 2.784639 1.000000 1 300 0.857000
79 11055 w 1.540857 1.422393 1.000000 1 300 0.877000
80 11138 w 4.037589 0.998478 1.000000 1 300 0.658000
81 11164 w 1.612795 3.451557 1.000000 1 300 0.712000
82 11263 w 1.382375 2.295816 1.000000 1 300 0.757000
83 11302 w 4.336936 4.726871 1.000000 1 300 0.813000
84 11346 w 3.774389 0.008688 1.000000 1 300 0.875000
123 11381 t 2.535575 1.843688 300 5.1
85 11454 w 0.007527 2.221761 1.000000 1 300 0.849000
86 11502 w 1.460163 4.508280 1.000000 1 300 0.783000
87 11591 w 1.891980 0.123507 1.000000 1 300 0.957000
124 11641 t 3.287704 1.094517 300 11.4
88 11648 w 0.237959 1.282500 1.000000 1 300 0.774000
89 11752 w 4.299935 1.674433 1.000000 1 300 0.960000
125 11802 t 0.737707 2.161806 300 9.5
126 11865 t 1.984616 1.760463 300 3.5
90 11913 w 1.283326 0.373934 1.000000 1 300 0.772000
91 11945 w 4.375782 1.606489 1.000000 1 300 0.657000
127 11981 t 1.964889 2.828798 300 10.4
128 12079 t 0.975057 0.338662 300 15.6
129 12127 t 1.767230 3.593787 300 8.6
130 12198 t 1.281761 3.826765 300 9.6
92 12233 w 2.821620 1.501163 1.000000 1 300 0.765000
93 12257 w 2.808537 2.240916 1.000000 1 300 0.713000
131 12328 t 4.658836 0.244322 300 3.8
132 12418 t 1.591340 3.142905 300 11.7
133 12475 t 1.031162 3.490203 300 11.2
134 12514 t 0.067644 4.359084 300 6.8
135 12537 t 1.001365 4.749633 300 14.9
136 12592 t 1.823881 0.243664 300 12.7
94 12708 w 4.687603 0.192718 1.000000 1 300 0.695000
137 12738 t 4.713131 1.964686 300 11.5
138 12810 t 2.949883 3.601883 300 2.8
95 12829 w 0.498671 1.875061 1.000000 1 300 0.961000
96 12861 w 4.541973 3.210795 1.000000 1 300 0.810000
97 12902 w 0.005551 3.238011 1.000000 1 300 0.951000
139 13024 t 2.162588 4.511846 300 8.2
140 13089 t 4.295794 1.460214 300 16.5
141 13123 t 2.745973 4.683864 300 6.8
142 13142 t 4.271744 1.120856 300 14.4
143 13188 t 2.366742 0.020313 300 7.9
144 13272 t 0.314351 0.970970 300 11.6
145 13369 t 1.967613 2.134997 300 9.9
146 13420 t 2.652993 3.078602 300 17.9
147 13436 t 1.620784 1.152497 300 13.6
148 13473 t 2.834910 0.715189 300 5.6
149 13563 t 4.549183 2.043016 300 7.0
150 13622 t 0.665117 0.490349 300 3.9
151 13709 t 2.805120 2.063604 300 11.6
98 13732 w 0.088134 2.671995 1.000000 1 300 0.765000
152 13748 t 4.195835 0.728353 300 7.2
153 13849 t 3.459490 1.099382 300 10.5
154 13894 t 2.254633 3.423621 300 8.0
155 13977 t 2.030021 3.121663 300 8.0
99 14015 w 3.456467 0.239222 1.000000 1 300 0.932000
156 14042 t 0.108729 2.495623 300 9.9
157 14097 t 4.487418 1.794829 300 11.0
158 14188 t 4.937254 2.845896 300 9.6
100 14260 w 0.284355 3.258942 1.000000 1 300 0.680000
101 14292 w 4.639724 4.437956 1.000000 1 300 0.644000
102 14338 w 2.764192 1.966655 1.000000 1 300 0.815000
103 14355 w 4.675782 4.605175 1.000000 1 300 0.830000
159 14480 t 0.551543 2.579594 300 11.8
160 14507 t 4.759245 2.159638 300 6.9
104 14584 w 1.845279 3.873342 1.000000 1 300 0.692000
161 14627 t 4.556429 2.030400 300 2.7
105 14644 w 2.374992 1.391592 1.000000 1 300 0.869000
106 14665 w 0.937628 3.289568 1.000000 1 300 0.771000
107 14798 w 3.993723 4.977149 1.000000 1 300 0.715000
108 14820 w 3.852296 4.440657 1.000000 1 300 0.893000
162 14912 t 0.297630 1.421306 300 14.4
163 14934 t 1.352199 3.769164 300 5.4
109 14958 w 4.304522 0.028782 1.000000 1 300 0.780000
164 15055 t 2.546089 4.959440 300 13.0
165 15114 t 2.634313 0.173029 300 7.2
110 15144 w 4.159482 2.036033 1.000000 1 300 0.930000
166 15224 t 3.883455 2.232355 300 3.1
111 15234 w 3.454308 0.262186 1.000000 1 300 0.880000
167 15269 t 1.687327 0.833039 300 16.8
168 15388 t 2.713865 1.568503 300 7.1
112 15441 w 1.811379 1.112066 1.000000 1 300 0.960000
113 15483 w 3.599592 4.656422 1.000000 1 300 0.733000
169 15534 t 4.647892 3.240174 300 10.8
114 15556 w 2.611498 0.810879 1.000000 1 300 0.961000
115 15645 w 0.136754 3.220704 1.000000 1 300 0.666000
170 15710 t 1.066484 3.811338 300 6.4
171 15757 t 2.535022 1.400971 300 10.7
172 15830 t 4.796970 3.979185 300 3.0
173 15845 t 4.404145 1.710287 300 9.2
116 15932 w 4.011223 4.429621 1.000000 1 300 0.884000
117 16001 w 2.106833 0.030033 1.000000 1 300 0.903000
174 16054 t 1.684539 1.615922 300 13.3
118 16081 w 0.714505 0.403653 1.000000 1 300 0.801000
119 16142 w 0.527332 0.159101 1.000000 1 300 0.639000
175 16213 t 4.778823 4.359033 300 11.6
120 16263 w 0.778408 3.434759 1.000000 1 300 0.638000
176 16350 t 3.126777 1.135292 300 16.2
121 16364 w 0.959389 4.016904 1.000000 1 300 0.911000
177 16421 t 3.448239 0.155748 300 13.1
178 16495 t 2.478564 2.187311 300 5.7
122 16533 w 3.435236 4.957969 1.000000 1 300 0.798000
179 16584 t 1.330713 4.341308 300 11.9
123 16651 w 0.696844 4.240716 1.000000 1 300 0.828000
180 16705 t 3.306020 4.360755 300 10.7
181 16766 t 3.753076 3.393440 300 8.2
182 16831 t 4.798005 1.159785 300 11.9
124 16871 w 4.924690 0.279336 1.000000 1 300 0.390000
183 16932 t 3.026760 0.412695 300 12.8
125 16979 w 4.105227 0.816769 1.000000 1 300 0.706000
126 17052 w 4.690773 4.264391 1.000000 1 300 0.676000
184 17093 t 4.809479 2.340192 300 3.9
185 17158 t 2.252893 2.644056 300 10.4
186 17231 t 3.796897 1.858541 300 13.5
187 17243 t 0.463816 1.968043 300 12.5
127 17279 w 4.376265 3.573629 1.000000 1 300 0.738000
188 17392 t 0.804470 1.441568 300 7.6
128 17425 w 2.591714 3.337126 1.000000 1 300 0.840000
189 17514 t 2.676837 1.600369 300 8.9
190 17532 t 2.758709 1.859559 300 7.7
191 17575 t 3.467788 3.246319 300 8.8
129 17618 w 3.197266 1.977480 1.000000 1 300 0.735000
130 17697 w 0.546536 3.343746 1.000000 1 300 0.768000
192 17790 t 3.728918 1.860594 300 16.5
193 17820 t 2.086480 1.308486 300 17.1
194 17843 t 2.543784 1.847987 300 4.7
131 17888 w 4.321626 1.768492 1.000000 1 300 0.816000
132 17946 w 4.534883 3.527336 1.000000 1 300 0.857000
133 18037 w 3.445773 0.790038 1.000000 1 300 0.833000
195 18092 t 0.978363 3.534049 300 16.0
134 18128 w 4.552055 0.739701 1.000000 1 300 0.918000
196 18155 t 1.558473 2.662508 300 2.6
135 18197 w 3.250235 2.857065 1.000000 1 300 0.808000
197 18250 t 3.583794 1.682026 300 11.2
198 18380 t 0.778630 2.071753 300 8.1
136 18411 w 3.353082 4.368887 1.000000 1 300 0.769000
199 18445 t 2.634581 3.803061 300 14.4
137 18463 w 3.193756 2.211896 1.000000 1 300 0.915000
138 18516 w 0.562479 4.857542 1.000000 1 300 0.720000
200 18613 t 1.010288 4.064861 300 4.1
201 18709 t 4.283173 0.938080 300 9.6
202 18717 t 0.796276 0.664039 300 11.2
203 18745 t 1.865246 1.994632 300 9.5
139 18788 w 4.601432 2.577048 1.000000 1 300 0.685000
140 18831 w 0.703695 4.142137 1.000000 1 300 0.825000
204 19001 t 4.212249 0.745352 300 14.3
141 19014 w 3.082353 1.203466 1.000000 1 300 0.836000
205 19024 t 4.065235 3.662620 300 9.5
206 19071 t 3.650201 0.350038 300 9.3
207 19129 t 4.516169 0.855539 300 12.1
142 19178 w 4.168514 1.050620 1.000000 1 300 0.706000
208 19306 t 2.787308 2.288923 300 11.7
209 19317 t 0.434131 2.473057 300 8.7
210 19361 t 0.926393 0.493598 300 5.8
211 19389 t 0.860808 1.238676 300 7.6
212 19472 t 2.152178 1.272725 300 13.0
213 19562 t 4.124733 4.890508 300 7.4
214 19615 t 4.373692 3.005246 300 11.8
143 19626 w 1.840695 2.725816 1.000000 1 300 0.284000
144 19689 w 1.444146 3.456567 1.000000 1 300 0.927000
145 19700 w 0.016880 2.575397 1.000000 1 300 0.297000
146 19845 w 0.635566 0.912139 1.000000 1 300 0.873000
215 19881 t 4.645887 1.864509 300 7.8
147 19916 w 3.024909 0.772286 1.000000 1 300 0.915000
216 19939 t 1.463660 2.039045 300 12.6
217 19991 t 2.492791 4.216874 300 18.4
148 20143 w 3.863806 1.489164 1.000000 1 300 0.716000
218 20169 t 4.269450 0.694314 300 15.0
149 20206 w 2.066380 0.093824 1.000000 1 300 0.794000
219 20226 t 2.829987 4.222567 300 9.2
220 20259 t 3.872790 1.170131 300 9.2
150 20365 w 3.781031 3.566160 1.000000 1 300 0.910000
221 20454 t 3.092242 3.013043 300 6.0
222 20490 t 4.042801 2.657938 300 14.3
151 20521 w 3.302179 2.202890 1.000000 1 300 0.929000
152 20546 w 0.717208 3.613242 1.000000 1 300 0.978000
223 20644 t 0.253378 4.915942 300 8.5
224 20732 t 3.819433 4.133107 300 17.4
225 20784 t 4.325992 0.491530 300 12.2
153 20818 w 0.392712 0.834807 1.000000 1 300 0.778000
154 20836 w 3.068247 4.108081 1.000000 1 300 0.788000
226 20933 t 2.767633 1.719727 300 4.7
227 20981 t 1.330708 4.599366 300 12.2
228 21069 t 4.674109 0.717551 300 11.7
155 21110 w 0.924175 3.486256 1.000000 1 300 0.858000
229 21124 t 4.360960 2.680275 300 7.6
156 21205 w 1.069997 3.082148 1.000000 1 300 0.658000
230 21256 t 0.391979 2.201547 300 16.8
231 21336 t 4.579252 4.269024 300 3.3
232 21404 t 3.333406 2.036432 300 11.1
233 21416 t 2.171119 2.649350 300 12.8
157 21460 w 3.690777 1.059092 1.000000 1 300 0.811000
158 21531 w 4.082791 3.731612 1.000000 1 300 0.939000
234 21630 t 1.543570 0.600456 300 7.3
159 21665 w 2.465775 1.625694 1.000000 1 300 0.971000
160 21708 w 2.651780 3.386660 1.000000 1 300 0.761000
235 21728 t 4.508518 0.125078 300 13.6
236 21786 t 3.407786 1.624730 300 10.0
161 21870 w 0.489294 0.973231 1.000000 1 300 0.891000
237 21933 t 1.250862 4.720652 300 14.4
162 21984 w 2.834039 0.502867 1.000000 1 300 0.846000
238 22008 t 0.334534 1.991830 300 11.7
239 22043 t 2.953481 4.285821 300 4.2
240 22155 t 3.112075 3.091051 300 8.2
241 22177 t 0.452370 2.333294 300 15.0
163 22235 w 1.006364 4.837994 1.000000 1 300 0.834000
242 22298 t 4.990329 1.036380 300 13.7
164 22320 w 1.155318 4.731241 1.000000 1 300 0.732000
243 22428 t 2.957040 4.264114 300 15.1
165 22467 w 1.546250 3.199914 1.000000 1 300 0.671000
166 22513 w 2.697311 2.875105 1.000000 1 300 0.917000
167 22576 w 0.813273 3.463579 1.000000 1 300 0.816000
168 22609 w 1.006369 3.434891 1.000000 1 300 0.958000
244 22718 t 2.234494 0.625865 300 12.2
169 22758 w 4.948520 2.632597 1.000000 1 300 0.947000
170 22786 w 0.233757 3.852393 1.000000 1 300 0.872000
171 22861 w 3.950801 2.153638 1.000000 1 300 0.731000
172 22888 w 2.348999 1.753769 1.000000 1 300 0.635000
245 22925 t 3.640264 0.122137 300 12.9
173 23028 w 0.220891 2.648986 1.000000 1 300 0.781000
174 23071 w 4.358691 0.949181 1.000000 1 300 0.752000
175 23094 w 1.901643 4.794978 1.000000 1 300 0.894000
246 23168 t 0.352635 0.003251 300 12.7
247 23221 t 3.304094 2.584826 300 12.2
248 23264 t 4.378622 0.591788 300 9.7
176 23337 w 3.393541 4.818980 1.000000 1 300 0.907000
177 23372 w 2.515824 4.942078 1.000000 1 300 0.988000
249 23394 t 2.056367 1.793003 300 12.8
178 23476 w 3.926612 0.750601 1.000000 1 300 0.937000
179 23557 w 0.060214 3.723969 1.000000 1 300 0.670000
180 23565 w 3.951190 4.389463 1.000000 1 300 0.228000
250 23665 t 1.786862 4.474966 300 13.6
251 23694 t 4.462473 1.428159 300 13.0
252 23704 t 1.852088 4.682281 300 13.9
253 23834 t 1.557027 2.038310 300 15.4
254 23858 t 1.881280 4.145595 300 5.0
181 23894 w 4.037432 1.894885 1.000000 1 300 0.809000
182 23993 w 0.031923 3.685901 1.000000 1 300 0.951000
255 23997 t 3.308000 1.244035 300 13.2
183 24011 w 4.824299 4.345938 1.000000 1 300 0.867000
256 24156 t 0.160820 0.074302 300 12.5
184 24172 w 4.513518 2.254170 1.000000 1 300 0.906000
257 24220 t 2.103289 0.517218 300 11.3
258 24295 t 2.066506 0.794409 300 7.0
259 24303 t 2.293137 3.348013 300 11.2
185 24325 w 2.079964 0.335457 1.000000 1 300 0.664000
260 24471 t 2.375461 0.914836 300 12.3
261 24506 t 1.441398 0.092504 300 12.6
262 24559 t 3.943465 4.608950 300 14.2
263 24603 t 1.384566 1.602156 300 9.3
264 24612 t 3.183868 0.636060 300 5.3
265 24645 t 2.624024 2.986542 300 11.2
186 24776 w 0.553539 4.075383 1.000000 1 300 0.828000
266 24813 t 4.824577 3.254214 300 6.7
267 24884 t 0.333548 1.748804 300 17.0
268 24908 t 4.935190 4.594459 300 8.2
187 24938 w 3.296050 2.337726 1.000000 1 300 0.979000
269 24978 t 0.770836 4.767994 300 5.3
188 25102 w 4.793842 1.921222 1.000000 1 300 0.633000
270 25117 t 2.737790 4.979905 300 12.2
189 25194 w 2.660736 1.956827 1.000000 1 300 0.657000
190 25226 w 4.312564 3.512948 1.000000 1 300 0.932000
191 25275 w 0.097501 1.524259 1.000000 1 300 0.923000
192 25373 w 1.287720 1.430173 1.000000 1 300 0.808000
271 25410 t 2.592702 4.931579 300 2.7
272 25492 t 4.462610 2.067548 300 13.5
193 25502 w 0.458952 1.954094 1.000000 1 300 0.880000
194 25557 w 2.804156 0.947867 1.000000 1 300 0.979000
273 25625 t 3.312792 3.061128 300 9.9
195 25685 w 1.556938 4.592994 1.000000 1 300 0.653000
274 25710 t 0.365429 4.212656 300 2.7
196 25793 w 4.555799 1.965795 1.000000 1 300 0.786000
275 25812 t 2.171906 1.402854 300 3.8
276 25859 t 1.846777 2.591238 300 7.7
197 25969 w 1.071818 3.585506 1.000000 1 300 0.645000
277 25996 t 1.955189 1.549490 300 13.2
278 26070 t 4.483264 2.914927 300 8.2
279 26098 t 0.658505 2.195967 300 11.9
280 26145 t 0.238924 2.676701 300 3.8
281 26232 t 1.376883 4.849169 300 10.3
198 26288 w 0.788852 2.230610 1.000000 1 300 0.986000
282 26308 t 0.518877 1.965496 300 11.6
283 26380 t 2.165035 2.813593 300 15.1
284 26422 t 0.374194 0.136182 300 10.5
285 26472 t 4.619337 0.203294 300 7.0
286 26553 t 0.334383 2.177476 300 9.4
199 26588 w 0.475385 1.393083 1.000000 1 300 0.865000
287 26666 t 0.111837 1.680621 300 10.3
288 26687 t 1.406982 2.339823 300 11.1
289 26732 t 3.701181 1.660694 300 5.2
290 26777 t 0.741395 1.887457 300 17.9
200 26888 w 4.647153 2.427545 1.000000 1 300 0.933000
291 26960 t 3.029203 3.357495 300 10.9
201 26966 w 4.576553 4.887265 1.000000 1 300 0.668000
292 27025 t 3.567504 0.693744 300 14.2
293 27060 t 0.129797 4.730509 300 8.0
294 27107 t 3.928558 1.116519 300 14.0
295 27240 t 4.173351 3.981311 300 11.3
202 27260 w 2.013843 4.237184 1.000000 1 300 0.841000
296 27294 t 2.082003 0.636419 300 7.5
203 27342 w 4.195177 3.096894 1.000000 1 300 0.762000
297 27379 t 4.986591 0.049569 300 15.2
298 27413 t 2.488314 1.666613 300 10.2
299 27557 t 2.796349 0.491714 300 7.8
300 27567 t 1.772932 0.326717 300 13.8
204 27642 w 3.178733 0.780968 1.000000 1 300 0.633000
301 27671 t 3.700621 0.370516 300 7.1
205 27680 w 4.757965 4.464925 1.000000 1 300 0.972000
302 27798 t 4.415973 4.620276 300 18.3
303 27865 t 4.868082 4.986185 300 8.7
206 27879 w 1.213426 2.834452 1.000000 1 300 0.652000
304 27965 t 3.262077 3.305251 300 14.4
207 27978 w 2.452431 4.476164 1.000000 1 300 0.832000
305 27982 t 4.859058 4.928677 300 9.6
208 28104 w 3.645199 0.548613 1.000000 1 300 0.318000
209 28169 w 1.385133 2.566468 1.000000 1 300 0.710000
210 28263 w 4.520588 2.935324 1.000000 1 300 0.806000
211 28266 w 3.768303 3.030804 1.000000 1 300 0.903000
306 28280 t 3.191672 1.627653 300 10.9
307 28388 t 1.843036 0.374450 300 9.7
212 28456 w 0.527210 2.402568 1.000000 1 300 0.916000
213 28493 w 3.028127 1.055638 1.000000 1 300 0.983000
214 28564 w 0.829130 3.954975 1.000000 1 300 0.887000
308 28577 t 3.929013 3.273514 300 10.9
215 28633 w 2.236766 2.154874 1.000000 1 300 0.917000
309 28754 t 4.051701 3.066497 300 8.1
310 28760 t 2.459097 0.715287 300 2.6
311 28807 t 1.444077 4.826159 300 10.6
312 28874 t 3.102321 3.023973 300 13.5
313 28913 t 1.915816 2.115695 300 13.8
216 29042 w 3.463520 3.959803 1.000000 1 300 0.973000
314 29060 t 1.590433 0.125582 300 10.9
217 29093 w 3.756561 4.129460 1.000000 1 300 0.946000
218 29145 w 4.644376 3.313281 1.000000 1 300 0.762000
219 29206 w 1.595724 2.448274 1.000000 1 300 0.837000
315 29310 t 1.162852 4.118260 300 6.6
220 29359 w 1.602234 0.867797 1.000000 1 300 0.219000
316 29370 t 1.918219 1.410971 300 8.0
317 29434 t 2.914041 4.510053 300 8.9
221 29476 w 2.806681 0.878990 1.000000 1 300 0.823000
222 29556 w 4.949399 3.379874 1.000000 1 300 0.930000
318 29657 t 4.298434 4.818733 300 6.8
319 29668 t 4.167706 1.442665 300 7.4
320 29681 t 2.439170 3.062676 300 17.5
223 29751 w 0.909379 3.102751 1.000000 1 300 0.685000
224 29825 w 0.078776 1.169541 1.000000 1 300 0.782000
321 29909 t 2.071302 0.816939 300 14.0
225 29962 w 4.896241 4.355093 1.000000 1 300 0.762000
322 29969 t 0.003432 1.310409 300 8.2
323 30044 t 4.424178 3.183456 300 13.4
324 30099 t 4.575500 4.369789 300 10.0
325 30209 t 1.316590 3.150738 300 6.8
226 30241 w 1.284722 0.988505 1.000000 1 300 0.883000
227 30263 w 4.533208 1.917729 1.000000 1 300 0.824000
228 30340 w 2.437776 4.149539 1.000000 1 300 0.787000
229 30349 w 1.142233 1.202044 1.000000 1 300 0.844000
326 30495 t 1.984266 4.176206 300 12.2
327 30516 t 3.708883 3.025941 300 7.3
328 30543 t 4.604023 0.631709 300 5.0
230 30623 w 4.230615 0.794498 1.000000 1 300 0.678000
329 30648 t 3.641953 1.670016 300 18.2
231 30701 w 0.019363 4.198440 1.000000 1 300 0.321000
330 30797 t 2.962827 3.207477 300 10.9
331 30837 t 2.589040 1.184267 300 5.0
232 30852 w 1.292110 4.247760 1.000000 1 300 0.916000
233 30941 w 0.560844 4.057527 1.000000 1 300 0.893000
332 30999 t 1.997138 3.808580 300 17.4
333 31062 t 1.145010 0.852310 300 13.5
234 31115 w 0.829083 4.079921 1.000000 1 300 0.648000
235 31144 w 2.958244 0.979803 1.000000 1 300 0.731000
236 31212 w 3.729973 0.430944 1.000000 1 300 0.770000
334 31258 t 4.993417 4.735431 300 6.9
335 31331 t 1.927322 1.089429 300 11.8
336 31368 t 2.683821 4.713888 300 11.8
237 31435 w 4.841349 0.772261 1.000000 1 300 0.694000
238 31466 w 1.818367 1.145853 1.000000 1 300 0.392000
337 31544 t 1.975895 4.709399 300 6.8
239 31590 w 2.614975 0.122996 1.000000 1 300 0.645000
240 31636 w 1.070141 0.585137 1.000000 1 300 0.983000
338 31686 t 3.564576 2.197451 300 7.3
339 31739 t 4.144931 4.067941 300 12.0
340 31817 t 3.687569 1.949913 300 13.5
341 31846 t 1.936657 3.013852 300 11.5
342 31912 t 4.365624 2.743249 300 11.0
343 31964 t 0.896112 3.014952 300 9.4
344 32009 t 3.884523 0.418342 300 10.1
241 32077 w 3.035488 4.404185 1.000000 1 300 0.978000
345 32125 t 2.034409 3.634995 300 13.7
346 32177 t 0.795563 3.136749 300 13.8
347 32221 t 3.544150 4.192417 300 10.7
242 32266 w 0.807977 0.481463 1.000000 1 300 0.784000
243 32334 w 2.415183 0.332687 1.000000 1 300 0.657000
348 32415 t 3.908066 4.472737 300 10.2
349 32430 t 3.392957 4.452514 300 4.9
244 32477 w 0.928880 2.213908 1.000000 1 300 0.890000
245 32534 w 0.641085 0.475478 1.000000 1 300 0.931000
246 32631 w 4.886042 4.103855 1.000000 1 300 0.821000
350 32707 t 1.470119 0.695361 300 9.5
351 32719 t 0.303095 1.004708 300 15.0
352 32754 t 0.479510 4.477199 300 6.9
353 32802 t 4.293958 2.900169 300 8.0
354 32889 t 0.162550 3.950306 300 12.6
247 32950 w 0.214060 2.172829 1.000000 1 300 0.744000
355 33010 t 4.813532 0.922050 300 9.6
356 33049 t 0.780910 4.310623 300 11.4
248 33070 w 2.640884 4.356775 1.000000 1 300 0.803000
249 33119 w 0.720025 1.689897 1.000000 1 300 0.835000
357 33200 t 2.055483 0.718547 300 13.7
358 33285 t 2.453159 4.076809 300 9.2
250 33323 w 1.448963 4.153070 1.000000 1 300 0.404000
359 33358 t 1.178372 3.542263 300 10.7
360 33386 t 2.713742 3.958483 300 14.1
361 33467 t 1.299121 4.496480 300 10.5
362 33568 t 2.271957 3.858948 300 9.3
251 33606 w 2.317222 4.501190 1.000000 1 300 0.650000
252 33647 w 0.390604 3.320456 1.000000 1 300 0.928000
363 33675 t 2.225862 4.434348 300 13.9
364 33732 t 4.182059 2.903239 300 14.0
365 33846 t 1.434742 3.724696 300 13.8
366 33868 t 4.420358 4.527820 300 8.0
367 33922 t 2.637649 0.520826 300 12.4
368 33975 t 4.643939 1.807124 300 10.2
369 34005 t 1.243023 2.175872 300 12.2
370 34033 t 1.559113 0.531033 300 5.0
253 34149 w 0.984521 1.673057 1.000000 1 300 0.931000
254 34192 w 0.988750 3.365260 1.000000 1 300 0.890000
255 34222 w 3.757078 2.175016 1.000000 1 300 0.872000
371 34291 t 1.830162 1.411847 300 13.2
256 34315 w 1.190630 1.004325 1.000000 1 300 0.908000
372 34362 t 1.167071 4.238587 300 7.7
373 34461 t 3.558269 0.957048 300 13.9
374 34492 t 4.415129 0.594165 300 5.5
375 34571 t 3.746385 1.561999 300 17.7
257 34597 w 3.588043 4.559206 1.000000 1 300 0.831000
376 34645 t 2.380364 0.246470 300 8.6
377 34704 t 3.235692 2.146057 300 12.2
258 34772 w 0.613761 3.098882 1.000000 1 300 0.637000
378 34802 t 1.988068 2.791363 300 8.2
379 34894 t 4.732092 4.901316 300 12.9
380 34920 t 3.570973 4.928206 300 4.4
259 34981 w 1.015597 2.637354 1.000000 1 300 0.974000
260 35066 w 0.351472 3.970776 1.000000 1 300 0.953000
261 35090 w 0.233439 4.490032 1.000000 1 300 0.858000
381 35127 t 1.691384 4.791035 300 9.6
382 35217 t 2.271960 3.907143 300 10.7
383 35246 t 0.800414 1.435019 300 9.3
384 35326 t 0.604553 3.501507 300 12.8
262 35384 w 4.618482 2.160623 1.000000 1 300 0.844000
263 35415 w 4.996780 2.378202 1.000000 1 300 0.813000
385 35471 t 1.042191 1.908442 300 9.5
386 35528 t 4.838720 3.393456 300 15.7
387 35570 t 1.444715 3.798551 300 13.1
264 35651 w 0.071644 2.835505 1.000000 1 300 0.635000
265 35708 w 2.219050 4.418389 1.000000 1 300 0.883000
266 35771 w 3.936788 0.005692 1.000000 1 300 0.920000
388 35783 t 0.335755 2.355775 300 13.1
267 35859 w 1.024339 3.383233 1.000000 1 300 0.858000
268 35936 w 0.877518 0.328702 1.000000 1 300 0.963000
269 36002 w 1.110888 0.815632 1.000000 1 300 0.806000
389 36017 t 0.953939 0.768486 300 11.5
390 36074 t 0.181967 0.578247 300 9.5
270 36147 w 3.061831 2.497912 1.000000 1 300 0.827000
391 36161 t 3.072223 0.575701 300 10.7
392 36243 t 4.924768 3.098041 300 10.1
393 36302 t 0.247039 4.463185 300 12.6
394 36360 t 4.555067 3.584148 300 17.2
271 36414 w 0.512777 4.129920 1.000000 1 300 0.756000
272 36453 w 1.938086 2.410484 1.000000 1 300 0.632000
395 36475 t 0.705488 2.482013 300 10.2
396 36558 t 2.985174 3.594569 300 3.5
397 36655 t 1.988527 3.577642 300 13.7
398 36683 t 1.360291 1.295616 300 7.8
399 36753 t 2.941855 0.508531 300 3.0
400 36763 t 4.869614 3.824476 300 13.4
273 36858 w 0.401142 2.246032 1.000000 1 300 0.778000
274 36892 w 3.080631 3.220240 1.000000 1 300 0.721000
401 36980 t 1.258889 3.570405 300 7.7
275 37049 w 3.358859 2.707971 1.000000 1 300 0.870000
276 37057 w 4.540070 2.605992 1.000000 1 300 0.723000
402 37080 t 1.608076 0.352429 300 7.9
277 37181 w 2.705759 2.439968 1.000000 1 300 0.952000
403 37273 t 2.131581 1.002502 300 7.3
278 37289 w 0.318440 0.777242 1.000000 1 300 0.702000
279 37351 w 2.586328 2.185072 1.000000 1 300 0.933000
280 37377 w 2.757178 4.415940 1.000000 1 300 0.726000
404 37417 t 4.388699 1.542755 300 12.8
405 37517 t 4.551544 2.712599 300 16.5
406 37588 t 2.361961 3.147446 300 12.1
281 37594 w 1.326084 4.011015 1.000000 1 300 0.745000
282 37660 w 1.349890 3.658141 1.000000 1 300 0.911000
283 37690 w 3.974120 2.050694 1.000000 1 300 0.839000
407 37791 t 1.957131 0.707820 300 9.4
284 37838 w 0.948879 0.423373 1.000000 1 300 0.750000
408 37894 t 2.538048 3.596269 300 4.4
409 37940 t 2.657884 2.098895 300 4.8
285 37967 w 4.689837 2.729260 1.000000 1 300 0.669000
410 38006 t 2.494201 0.377356 300 5.1
286 38124 w 2.147092 0.511667 1.000000 1 300 0.334000
287 38188 w 4.555797 3.532598 1.000000 1 300 0.989000
411 38222 t 3.998842 1.902047 300 6.6
412 38244 t 2.569420 3.313114 300 9.9
413 38273 t 4.570731 0.429138 300 11.3
288 38338 w 0.569952 2.839599 1.000000 1 300 0.852000
414 38454 t 0.793366 3.146098 300 9.1
289 38521 w 1.337484 4.684967 1.000000 1 300 0.809000
415 38544 t 1.487567 1.766051 300 10.3
290 38555 w 1.864525 4.378562 1.000000 1 300 0.637000
291 38589 w 3.124657 4.379045 1.000000 1 300 0.654000
416 38733 t 3.512815 0.449199 300 11.9
292 38808 w 2.209933 3.092981 1.000000 1 300 0.790000
417 38823 t 2.144686 2.364984 300 3.1
418 38849 t 1.924480 1.275191 300 18.2
419 38889 t 0.611490 0.650065 300 4.8
420 38970 t 4.629165 1.508560 300 8.2
293 39056 w 1.274114 2.010705 1.000000 1 300 0.882000
294 39122 w 3.240488 0.977266 1.000000 1 300 0.907000
295 39147 w 1.193610 3.275291 1.000000 1 300 0.659000
421 39150 t 1.113666 4.354370 300 10.7
296 39249 w 1.150278 1.606292 1.000000 1 300 0.695000
422 39295 t 2.025487 2.315675 300 11.3
423 39379 t 0.977130 0.489006 300 12.6
297 39443 w 0.164958 1.802281 1.000000 1 300 0.758000
424 39448 t 2.092551 3.086788 300 11.8
425 39471 t 4.339059 2.943648 300 7.3
426 39571 t 4.842724 3.463544 300 11.6
298 39616 w 3.499711 4.561280 1.000000 1 300 0.724000
427 39699 t 0.638561 2.624872 300 12.2
299 39748 w 3.972725 2.786705 1.000000 1 300 0.639000
428 39749 t 3.961449 1.893780 300 8.6
300 39791 w 4.130660 2.089179 1.000000 1 300 0.840000
301 39873 w 4.744487 3.712401 1.000000 1 300 0.705000
302 39952 w 0.577082 4.191792 1.000000 1 300 0.840000
303 40002 w 3.344722 0.757406 1.000000 1 300 0.861000
429 40048 t 4.394825 1.639811 300 7.3
304 40056 w 4.951898 1.008270 1.000000 1 300 0.643000
430 40164 t 0.102011 3.721826 300 12.4
305 40203 w 3.040123 4.308725 1.000000 1 300 0.679000
306 40280 w 4.893187 3.429606 1.000000 1 300 0.868000
431 40335 t 1.335982 1.960855 300 9.2
307 40349 w 4.366390 1.309908 1.000000 1 300 0.989000
432 40431 t 2.350900 0.960958 300 12.4
433 40467 t 1.469682 3.065719 300 2.8
434 40569 t 1.272684 3.694074 300 14.2
308 40624 w 1.762764 3.611654 1.000000 1 300 0.727000
309 40643 w 1.245972 4.809613 1.000000 1 300 0.882000
310 40693 w 0.134251 2.760343 1.000000 1 300 0.842000
311 40737 w 1.545762 2.491777 1.000000 1 300 0.673000
312 40777 w 0.244680 2.995550 1.000000 1 300 0.853000
435 40881 t 3.211352 2.999737 300 17.4
436 40935 t 4.293998 3.262497 300 3.5
437 40964 t 0.646571 0.626099 300 17.8
313 40998 w 3.074180 0.845631 1.000000 1 300 0.918000
438 41049 t 1.475053 4.387001 300 13.4
439 41088 t 1.452446 0.617993 300 9.5
440 41202 t 4.213215 2.051062 300 14.0
314 41261 w 4.041693 1.540316 1.000000 1 300 0.814000
315 41285 w 0.061114 3.678881 1.000000 1 300 0.963000
441 41341 t 0.147878 3.176322 300 2.5
442 41353 t 0.870057 2.760500 300 12.5
316 41403 w 1.929179 0.345393 1.000000 1 300 0.960000
317 41511 w 2.383817 1.761634 1.000000 1 300 0.662000
443 41582 t 4.767398 1.973012 300 9.1
318 41630 w 1.106542 3.089275 1.000000 1 300 0.661000
444 41641 t 3.855250 0.980700 300 4.7
319 41676 w 2.174505 4.739650 1.000000 1 300 0.714000
445 41787 t 3.749562 3.598845 300 7.9
446 41813 t 4.251381 0.729252 300 17.6
447 41917 t 3.974211 2.182956 300 3.2
320 41933 w 2.046129 3.876110 1.000000 1 300 0.845000
448 41976 t 2.881484 1.314255 300 8.2
449 41991 t 2.954931 4.967398 300 9.7
321 42087 w 1.331284 2.537128 1.000000 1 300 0.961000
322 42216 w 3.575565 2.595395 1.000000 1 300 0.703000
450 42230 t 2.233787 3.094613 300 8.2
323 42237 w 2.597106 1.265349 1.000000 1 300 0.796000
451 42280 t 4.303202 2.597518 300 4.0
324 42337 w 0.497688 3.437878 1.000000 1 300 0.638000
452 42401 t 2.824108 3.278989 300 10.2
453 42519 t 0.872391 1.917310 300 11.9
454 42531 t 0.645130 2.077708 300 7.9
455 42579 t 1.016196 2.368639 300 13.6
456 42625 t 0.153474 3.090410 300 7.7
457 42671 t 3.745897 3.432385 300 16.2
325 42770 w 1.076185 4.433261 1.000000 1 300 0.635000
458 42823 t 2.081972 4.804457 300 7.7
459 42874 t 3.763170 3.483721 300 8.7
460 42902 t 0.456976 4.954641 300 8.8
461 42968 t 4.081572 2.072201 300 8.3
326 43049 w 4.092930 2.147227 1.000000 1 300 0.755000
327 43085 w 3.847184 3.637733 1.000000 1 300 0.747000
462 43161 t 0.917141 2.917794 300 13.4
463 43200 t 2.242671 0.254958 300 12.3
464 43253 t 3.307167 1.620338 300 15.8
328 43287 w 2.110877 3.885407 1.000000 1 300 0.634000
465 43363 t 1.611558 4.602575 300 4.2
466 43428 t 0.053710 0.960261 300 18.3
467 43474 t 1.056948 2.624765 300 10.3
329 43530 w 3.878158 0.243956 1.000000 1 300 0.788000
330 43556 w 1.473246 3.262873 1.000000 1 300 0.778000
468 43617 t 4.136155 2.939006 300 10.6
469 43672 t 3.852839 4.791075 300 12.6
470 43766 t 3.246932 4.386838 300 8.3
331 43824 w 2.676655 2.232452 1.000000 1 300 0.831000
471 43845 t 1.818930 1.225228 300 11.5
472 43907 t 4.882956 0.361034 300 7.3
332 43936 w 3.012460 4.344940 1.000000 1 300 0.920000
333 43999 w 0.651041 4.986621 1.000000 1 300 0.765000
334 44104 w 0.430262 2.636567 1.000000 1 300 0.741000
335 44142 w 0.513946 3.044308 1.000000 1 300 0.912000
336 44197 w 2.956737 0.934757 1.000000 1 300 0.848000
337 44236 w 1.092507 2.718722 1.000000 1 300 0.841000
473 44246 t 2.930381 3.635589 300 13.6
338 44367 w 4.172572 2.363006 1.000000 1 300 0.867000
339 44433 w 2.915437 2.237227 1.000000 1 300 0.945000
474 44473 t 0.278117 1.131769 300 13.3
475 44504 t 4.300061 3.314516 300 7.7
340 44537 w 0.737435 3.415762 1.000000 1 300 0.918000
341 44571 w 1.752024 1.049584 1.000000 1 300 0.832000
476 44672 t 3.337102 3.618314 300 10.9
342 44765 w 4.201183 1.381889 1.000000 1 300 0.807000
343 44785 w 1.784154 1.329178 1.000000 1 300 0.980000
477 44812 t 3.350025 2.704724 300 8.5
344 44861 w 2.987058 4.553278 1.000000 1 300 0.723000
478 44958 t 1.111002 1.133445 300 6.7
345 45011 w 1.937072 0.392763 1.000000 1 300 0.730000
479 45065 t 3.883998 1.463035 300 13.8
480 45094 t 0.228049 4.406389 300 10.2
346 45150 w 3.658546 3.549440 1.000000 1 300 0.673000
347 45217 w 1.127392 3.737799 1.000000 1 300 0.875000
481 45272 t 3.177624 4.696294 300 9.1
482 45365 t 2.952498 4.170072 300 14.5
483 45391 t 2.989883 2.295109 300 7.3
484 45402 t 0.483960 1.336843 300 13.2
485 45504 t 3.915902 0.575707 300 9.4
348 45539 w 4.372126 3.406688 1.000000 1 300 0.810000
486 45651 t 3.786781 3.086445 300 8.5
349 45665 w 2.168220 1.524287 1.000000 1 300 0.930000
350 45697 w 3.762654 3.988219 1.000000 1 300 0.773000
351 45793 w 2.852380 2.478270 1.000000 1 300 0.722000
352 45816 w 3.401847 2.585364 1.000000 1 300 0.652000
487 45919 t 0.471468 2.561568 300 6.9
353 45964 w 2.303424 4.821328 1.000000 1 300 0.740000
354 45970 w 3.183778 1.493645 1.000000 1 300 0.656000
488 46076 t 0.104569 0.254590 300 17.6
355 46108 w 4.678291 2.356740 1.000000 1 300 0.724000
356 46189 w 3.117939 3.546829 1.000000 1 300 0.967000
489 46236 t 0.907469 2.850846 300 13.8
357 46267 w 4.025832 1.327173 1.000000 1 300 0.815000
490 46301 t 1.994721 1.790948 300 9.1
491 46390 t 2.979506 3.919548 300 9.4
492 46414 t 4.955753 2.186261 300 3.9
493 46512 t 0.134608 1.246059 300 7.9
494 46567 t 3.377457 4.988244 300 13.6
358 46598 w 2.211384 4.204427 1.000000 1 300 0.756000
495 46681 t 1.718300 2.749801 300 12.2
359 46693 w 4.452542 3.112409 1.000000 1 300 0.821000
360 46807 w 0.090340 2.686776 1.000000 1 300 0.843000
361 46836 w 3.235441 1.104777 1.000000 1 300 0.774000
362 46891 w 1.758245 2.399019 1.000000 1 300 0.896000
363 46959 w 4.175246 3.295305 1.000000 1 300 0.877000
364 46983 w 2.814685 2.646681 1.000000 1 300 0.695000
365 47096 w 3.172795 2.789969 1.000000 1 300 0.972000
496 47113 t 2.606376 2.309925 300 12.9
366 47183 w 3.399988 0.291911 1.000000 1 300 0.986000
497 47255 t 0.374684 4.716374 300 9.0
367 47261 w 0.521804 4.513220 1.000000 1 300 0.631000
368 47304 w 2.536851 0.201450 1.000000 1 300 0.950000
498 47405 t 3.669940 3.592419 300 13.0
369 47429 w 2.748904 3.678545 1.000000 1 300 0.924000
499 47533 t 0.922305 4.190448 300 13.4
500 47560 t 2.675002 4.932343 300 5.0
370 47561 w 0.187164 0.762369 1.000000 1 300 0.810000
501 47645 t 3.234845 0.647837 300 8.1
502 47717 t 2.407731 3.574259 300 12.7
371 47753 w 3.986252 3.195950 1.000000 1 300 0.788000
372 47838 w 4.017978 4.810027 1.000000 1 300 0.778000
503 47861 t 0.086462 0.532083 300 8.2
373 47878 w 0.436133 1.571504 1.000000 1 300 0.335000
504 47996 t 0.226493 4.644701 300 4.7
505 48037 t 4.537191 3.367083 300 7.8
506 48127 t 0.471784 1.369184 300 12.3
374 48153 w 0.859556 1.396206 1.000000 1 300 0.967000
375 48166 w 1.463428 4.671664 1.000000 1 300 0.834000
507 48291 t 0.699062 3.476301 300 13.8
376 48311 w 2.738481 0.821136 1.000000 1 300 0.902000
508 48386 t 3.258057 4.560254 300 13.8
377 48434 w 2.180931 4.355772 1.000000 1 300 0.851000
509 48456 t 0.163016 4.602579 300 11.0
510 48545 t 2.647484 1.252582 300 13.9
511 48604 t 4.411644 2.281074 300 4.5
378 48681 w 4.891375 0.344672 1.000000 1 300 0.728000
512 48687 t 4.684218 0.886540 300 13.9
513 48748 t 3.488454 0.650309 300 10.0
514 48820 t 4.228676 3.331767 300 10.5
515 48856 t 0.209087 4.658653 300 4.1
379 48940 w 4.497963 3.267558 1.000000 1 300 0.862000
516 48986 t 3.353775 1.681478 300 6.5
517 49012 t 4.874627 1.482794 300 16.6
380 49109 w 1.739333 3.866038 1.000000 1 300 0.780000
518 49123 t 2.606687 4.243663 300 12.6
381 49233 w 4.579258 0.191066 1.000000 1 300 0.884000
519 49275 t 4.657948 0.182165 300 10.8
382 49308 w 3.494945 0.312872 1.000000 1 300 0.714000
520 49318 t 0.709655 2.738483 300 5.5
383 49422 w 4.756649 3.789048 1.000000 1 300 0.965000
384 49459 w 3.477327 3.745876 1.000000 1 300 0.942000
521 49537 t 4.426187 1.443101 300 12.3
522 49584 t 2.024762 3.652542 300 8.7
523 49618 t 0.055992 3.200880 300 10.7
385 49637 w 2.398293 4.651596 1.000000 1 300 0.950000
524 49756 t 4.232948 2.211121 300 5.3
386 49826 w 1.626937 1.208822 1.000000 1 300 0.642000
387 49839 w 1.322481 2.250229 1.000000 1 300 0.959000
525 49913 t 4.320041 2.677305 300 7.5
388 49923 w 1.491037 1.882139 1.000000 1 300 0.856000
389 49959 w 0.781033 3.355225 1.000000 1 300 0.945000
526 50086 t 3.305791 3.996052 300 13.9
390 50139 w 2.494095 0.029567 1.000000 1 300 0.693000
527 50146 t 2.678532 1.445924 300 9.0
528 50222 t 3.708906 1.111296 300 13.0
529 50225 t 2.324819 3.612000 300 9.3
391 50363 w 1.494470 4.112479 1.000000 1 300 0.981000
392 50429 w 0.257713 3.595771 1.000000 1 300 0.964000
530 50442 t 4.558451 4.655703 300 14.7
531 50489 t 0.445687 1.282123 300 8.0
532 50523 t 1.679845 3.828274 300 7.5
533 50548 t 3.564041 4.770783 300 8.4
534 50707 t 4.559112 3.401936 300 6.9
535 50731 t 0.189346 4.932585 300 4.7
393 50779 w 3.417973 2.649220 1.000000 1 300 0.852000
394 50820 w 2.181207 0.018870 1.000000 1 300 0.874000
536 50842 t 3.726344 4.252595 300 10.2
395 51002 w 0.500375 2.138520 1.000000 1 300 0.654000
396 51023 w 4.300235 3.764164 1.000000 1 300 0.815000
537 51038 t 2.177191 4.974967 300 10.2
538 51102 t 2.104589 0.479504 300 3.4
539 51135 t 3.377425 2.936866 300 3.5
540 51149 t 4.795456 4.349134 300 11.2
397 51308 w 1.210006 1.844670 1.000000 1 300 0.711000
541 51337 t 0.021165 3.772335 300 17.3
398 51390 w 3.324273 4.606054 1.000000 1 300 0.637000
542 51411 t 1.193488 0.215635 300 7.0
543 51446 t 3.070735 4.258866 300 12.7
399 51562 w 2.344208 2.807001 1.000000 1 300 0.800000
544 51615 t 1.369481 2.525850 300 5.5
545 51701 t 3.315864 1.521886 300 7.4
546 51786 t 2.764874 1.034182 300 14.5
547 51884 t 4.706330 3.339850 300 12.0
548 51936 t 2.227341 1.129128 300 11.4
549 52267 t 2.323004 4.574303 300 10.4
550 52348 t 3.645132 3.867406 300 4.7
551 52359 t 1.604090 1.374641 300 8.7
552 52536 t 1.626018 0.441930 300 10.2
553 52643 t 1.311278 3.695703 300 8.9
554 52656 t 1.622258 1.078783 300 14.5
555 52693 t 2.923325 4.318691 300 10.0
556 52852 t 3.001048 3.519783 300 9.2
557 52922 t 1.157566 4.468728 300 8.3
558 52944 t 1.024017 0.848336 300 15.0
559 52979 t 2.592223 3.596663 300 12.4
560 53038 t 3.205135 2.123084 300 14.9
561 53206 t 0.348547 2.942646 300 7.6
562 53272 t 2.245460 3.493182 300 13.9
563 53424 t 0.799364 2.791642 300 17.3
564 53510 t 2.194938 0.672535 300 7.9
565 53544 t 4.335819 4.821744 300 16.0
566 53586 t 4.907828 4.789493 300 8.4
567 53647 t 4.890723 2.994936 300 13.1
568 53716 t 3.508290 3.502395 300 8.5
569 53796 t 2.158933 3.758717 300 10.7
570 53831 t 2.982752 2.512193 300 8.4
571 53918 t 3.580560 3.198814 300 8.2
572 53953 t 4.925882 1.022181 300 9.0
573 54105 t 4.118357 2.347785 300 13.9
574 54140 t 1.212698 0.738398 300 7.9
575 54241 t 0.692628 4.902513 300 16.7
576 54387 t 3.234593 1.548531 300 11.5
577 54441 t 4.449306 2.910074 300 15.9
578 54548 t 3.603290 2.590928 300 10.2
579 54702 t 1.183963 2.150991 300 8.8
580 54775 t 2.684324 2.455365 300 9.1
581 54830 t 2.541183 1.959815 300 12.7
582 54861 t 1.672950 3.918061 300 17.3
583 55002 t 4.337989 2.805397 300 18.0
584 55007 t 2.319321 4.704223 300 8.9
585 55105 t 2.407739 3.965409 300 9.9
586 55154 t 0.020311 2.212911 300 15.6
587 55325 t 3.641789 4.929426 300 10.7
588 55371 t 3.579438 1.816050 300 8.4
589 55454 t 4.679675 0.117460 300 13.3
590 55609 t 2.366537 1.341377 300 12.9
591 55662 t 2.530753 0.131394 300 6.5
592 55722 t 0.872024 4.416279 300 13.3
593 55869 t 1.429565 4.180298 300 13.2
594 55980 t 2.880130 0.582041 300 7.8
595 56202 t 1.018910 2.132408 300 15.0
596 56412 t 3.332498 4.554717 300 6.0
597 56501 t 3.848604 3.774048 300 5.1
598 56513 t 3.652985 2.271226 300 6.0
599 56570 t 4.389383 3.871112 300 14.6
600 56742 t 0.114887 2.067828 300 3.4
601 56815 t 1.959950 1.348307 300 7.5
602 56882 t 4.263823 4.651643 300 12.0
603 57061 t 2.410854 2.470002 300 7.2
604 57113 t 4.963754 0.998455 300 14.8
605 57205 t 4.013783 0.469423 300 7.5
606 57337 t 3.776966 2.611325 300 7.9
607 57373 t 0.318019 2.311705 300 12.6
608 57408 t 3.037683 3.537811 300 6.4
609 57445 t 3.526683 4.807117 300 13.3
610 57467 t 0.580364 1.616866 300 12.2
611 57510 t 2.408013 0.127325 300 13.9
612 57663 t 0.437504 3.352708 300 8.1
613 57746 t 0.897129 0.955775 300 7.1
614 57863 t 1.186338 3.984398 300 13.4
615 58068 t 4.414227 0.963483 300 7.5
616 58161 t 1.454533 1.482848 300 10.5
617 58277 t 0.514954 2.426779 300 12.3
618 58307 t 1.412726 0.825198 300 9.3
619 58414 t 0.682786 4.878109 300 4.0
620 58560 t 4.584605 2.861645 300 7.0
621 58571 t 0.402865 3.627131 300 9.1
622 58666 t 2.348424 0.769483 300 5.8
623 58860 t 0.228344 3.525321 300 15.8
624 58875 t 2.717262 3.938577 300 7.9
625 59161 t 4.903963 1.348474 300 7.1
626 59250 t 3.897279 1.444669 300 13.0
627 59291 t 0.943339 1.133480 300 13.1
628 59474 t 0.570853 1.478454 300 9.4
629 59584 t 2.594094 4.114844 300 13.8
630 59889 t 2.564569 3.548402 300 6.5
631 59939 t 1.730162 4.375213 300 12.6
632 60019 t 2.623271 3.400638 300 8.0
633 60128 t 1.052976 4.728780 300 14.4
634 60155 t 4.741581 3.236485 300 13.3
635 60198 t 3.643230 0.422787 300 6.9
636 60365 t 1.039541 1.223560 300 9.7
637 60441 t 0.707188 1.539048 300 13.4
638 60463 t 1.315900 2.579955 300 13.1
639 60527 t 1.725567 4.852055 300 9.0
640 60635 t 4.346197 1.365586 300 4.2
641 60683 t 0.851708 4.294085 300 15.6
642 60745 t 1.970844 0.482537 300 7.7
643 60911 t 1.116457 2.003863 300 16.2
644 60939 t 2.441275 2.555483 300 13.7
645 61029 t 4.968051 4.838165 300 8.8
646 61036 t 0.653928 3.973012 300 8.1
647 61113 t 4.610793 4.374840 300 10.9
648 61211 t 3.382517 0.321931 300 11.1
649 61281 t 2.727327 0.316757 300 16.1
650 61480 t 0.371074 4.519130 300 17.5
651 61542 t 3.770078 4.512040 300 10.1
652 61626 t 1.271001 4.548918 300 4.3
653 61640 t 4.374471 1.510160 300 13.5
654 61873 t 1.341740 0.475454 300 10.0
655 61950 t 2.490975 3.991838 300 13.5
656 62101 t 0.405774 2.364981 300 10.9
657 62157 t 4.435153 1.905248 300 13.7
658 62240 t 4.403528 1.068884 300 11.4
659 62322 t 3.558592 3.287418 300 12.4
660 62589 t 2.558589 2.251622 300 7.5
661 62648 t 2.636951 1.238808 300 17.6
662 62736 t 0.514601 2.062198 300 11.1
663 62790 t 1.196637 4.761787 300 12.5
664 62842 t 4.553016 4.758811 300 18.1
665 63011 t 2.200597 1.181703 300 10.6
666 63036 t 0.423475 3.012692 300 14.5
667 63143 t 3.355808 3.293066 300 14.8
668 63301 t 3.477592 2.774763 300 7.1
669 63334 t 1.283288 0.317749 300 10.9
670 63362 t 4.796101 2.408372 300 10.2
671 63522 t 2.485486 1.371562 300 7.8
672 63623 t 4.954083 1.738692 300 17.2
673 63659 t 1.259292 3.987653 300 14.3
674 63708 t 2.758219 3.963683 300 8.2
675 63716 t 4.793995 3.327054 300 4.4
676 63947 t 4.328289 4.683100 300 13.3
677 64172 t 3.534192 2.387219 300 13.6
678 64193 t 0.938938 0.704680 300 10.6
679 64275 t 2.508623 3.983889 300 12.5
680 64307 t 1.656401 3.642529 300 7.2
681 64433 t 0.933409 4.179893 300 5.6
682 64575 t 4.451991 1.876536 300 11.7
683 64601 t 3.013219 2.026553 300 9.9
684 64707 t 2.723116 3.509999 300 14.3
685 64756 t 4.597920 3.699175 300 12.6
686 64816 t 4.864055 1.220026 300 11.4
687 64999 t 2.047793 3.152505 300 15.3
688 65077 t 2.555847 0.513771 300 4.0
689 65182 t 4.922211 2.741881 300 12.1
690 65441 t 0.267103 0.009938 300 12.3
691 65599 t 2.382176 3.117784 300 11.2
692 65671 t 2.721393 1.932066 300 7.1
693 65815 t 1.683078 3.041141 300 10.3
694 65960 t 0.487376 0.840943 300 14.0
695 66047 t 2.678181 3.256760 300 11.1
696 66166 t 3.316370 0.459174 300 14.6
697 66211 t 1.845209 3.900141 300 9.4
698 66355 t 0.720960 0.335621 300 8.0
699 66626 t 3.288350 0.660865 300 16.6
700 66780 t 0.642942 0.811289 300 9.4
701 66875 t 2.044155 1.531505 300 15.2
702 66966 t 3.704522 0.285038 300 14.9
703 67149 t 4.744574 0.486764 300 13.1
704 67195 t 4.393298 2.276784 300 12.1
705 67219 t 3.290869 4.740311 300 10.8
706 67379 t 4.931643 2.133165 300 9.3
707 67409 t 2.122233 1.950113 300 11.6
708 67485 t 3.825237 2.816850 300 9.7
709 67680 t 2.642737 1.913481 300 13.3
710 67791 t 1.469957 0.176831 300 19.2
711 67856 t 0.991462 4.719544 300 7.8
712 67965 t 3.939223 0.714463 300 13.8
