500 1000 10 1500
0 1 w 8.980925 49.211631 10.000000 1 6 0.473930
1 1 w 28.804514 41.851434 10.000000 1 6 0.480995
2 1 w 10.436769 49.399332 10.000000 1 6 0.552703
3 1 w 35.992618 3.498611 10.000000 1 6 0.497656
4 1 w 9.758719 45.749300 10.000000 1 6 0.496205
0 1 t 26.798572 4.948974 6 0.640067
1 1 t 18.327669 2.501926 6 0.934817
2 1 t 4.077479 27.864455 6 2.084668
3 1 t 8.468715 29.825317 6 3.727138
4 1 t 5.783049 24.104623 6 0.248331
5 1 t 33.784947 1.047847 6 4.284062
6 1 t 46.421416 15.172932 6 4.914679
7 1 t 37.137784 14.520553 6 2.300140
8 1 t 47.430020 33.445624 6 3.834420
9 1 t 13.803878 30.466384 6 0.016557
10 1 t 20.883023 45.573243 6 2.763776
5 2 w 31.983440 38.500952 10.000000 1 6 0.574514
6 2 w 15.149647 14.121219 10.000000 1 6 0.547129
7 2 w 5.515704 15.261309 10.000000 1 6 0.474537
8 2 w 37.954541 23.495205 10.000000 1 6 0.539085
9 2 w 6.651737 35.047394 10.000000 1 6 0.470305
10 2 w 45.314904 30.839493 10.000000 1 6 0.515281
11 2 w 24.641510 43.868667 10.000000 1 6 0.484641
11 2 t 32.224191 30.731316 6 0.857220
12 2 t 33.411681 3.741438 6 1.764796
13 2 t 22.143289 36.122605 6 4.580788
14 2 t 16.686199 26.857609 6 1.757651
15 2 t 23.102574 1.930724 6 1.970788
16 2 t 33.631251 3.283295 6 0.656383
17 2 t 28.758530 14.425841 6 1.910979
18 2 t 11.808015 39.282097 6 3.939710
19 2 t 3.971173 49.767549 6 4.753213
12 3 w 30.761656 24.982730 10.000000 1 6 0.530515
13 3 w 11.380961 11.429408 10.000000 1 6 0.499933
14 3 w 35.769117 21.048155 10.000000 1 6 0.463037
15 3 w 28.781200 8.804433 10.000000 1 6 0.426214
20 3 t 26.562865 2.065038 6 1.005489
21 3 t 27.365661 43.648774 6 3.568846
22 3 t 29.724606 37.824745 6 4.742866
23 3 t 0.953791 47.957910 6 1.869585
24 3 t 4.336094 46.931805 6 4.488536
25 3 t 13.017386 18.151852 6 3.232932
26 3 t 8.522195 31.117452 6 4.430254
27 3 t 19.298954 34.455911 6 8.595883
28 3 t 37.003014 47.287514 6 5.125963
29 3 t 22.627303 36.148120 6 9.397057
30 3 t 7.008438 5.436077 6 6.381071
31 3 t 42.428484 23.572438 6 4.365693
16 4 w 45.609395 22.862480 10.000000 1 6 0.510231
17 4 w 11.478148 0.049215 10.000000 1 6 0.533169
18 4 w 5.963694 48.534016 10.000000 1 6 0.540341
19 4 w 12.546909 33.463241 10.000000 1 6 0.481255
20 4 w 24.676473 21.896851 10.000000 1 6 0.476642
32 4 t 47.355978 34.940048 6 4.685806
33 4 t 48.217313 25.591654 6 4.047639
34 4 t 11.185131 39.252720 6 6.006231
35 4 t 17.053493 26.644041 6 4.258817
36 4 t 4.365095 47.735124 6 3.723903
37 4 t 30.077265 16.960643 6 3.886274
38 4 t 48.840167 1.349587 6 5.329445
39 4 t 47.768385 5.059434 6 6.139001
40 4 t 11.433827 3.546337 6 3.269384
41 4 t 33.798131 35.515009 6 7.759031
42 4 t 21.419836 20.548018 6 4.318985
21 5 w 8.416782 18.756697 10.000000 1 6 0.423013
43 5 t 3.204758 39.818699 6 3.638941
44 5 t 35.370410 0.943266 6 9.245299
45 5 t 41.979537 24.663231 6 6.018064
46 5 t 11.836901 39.651372 6 6.719193
47 5 t 30.463784 47.469836 6 7.450465
48 5 t 27.532770 1.246961 6 4.165842
49 5 t 49.402148 24.435011 6 6.546120
22 6 w 26.059267 37.893420 10.000000 1 6 0.540798
23 6 w 0.345608 23.916198 10.000000 1 6 0.508146
50 6 t 20.332910 18.358146 6 4.219501
51 6 t 36.265631 19.878854 6 2.163878
52 6 t 27.251408 9.931121 6 0.913010
53 6 t 46.028823 13.857415 6 0.107602
54 6 t 16.749517 19.281466 6 1.764262
55 6 t 23.384354 16.482614 6 4.171124
56 6 t 13.902832 37.680083 6 4.321851
57 6 t 24.983912 49.472604 6 2.254602
24 7 w 37.469231 37.611976 10.000000 1 6 0.532853
25 7 w 39.862574 39.926204 10.000000 1 6 0.480418
58 7 t 27.145702 49.655462 6 4.913830
59 7 t 19.651848 44.330101 6 1.940006
60 7 t 37.588490 16.247900 6 0.541372
61 7 t 7.229547 16.250889 6 1.727415
62 7 t 6.812220 9.412758 6 0.266457
63 7 t 42.240900 28.621059 6 1.411647
26 8 w 2.032838 35.880249 10.000000 1 6 0.442524
27 8 w 37.991417 18.071012 10.000000 1 6 0.560934
28 8 w 14.384015 0.310499 10.000000 1 6 0.474672
64 8 t 49.124893 43.730606 6 0.569876
65 8 t 34.438755 43.701859 6 1.593921
66 8 t 25.751852 0.436304 6 4.710729
67 8 t 19.484240 26.918530 6 4.744045
68 8 t 29.673741 32.480133 6 4.381168
69 8 t 38.189325 40.506753 6 0.696008
70 8 t 26.727578 39.693087 6 0.178638
29 9 w 20.950704 16.723340 10.000000 1 6 0.507809
30 9 w 15.948187 41.215401 10.000000 1 6 0.600733
31 9 w 36.937502 43.406776 10.000000 1 6 0.492784
71 9 t 42.261124 35.796330 6 2.621027
72 9 t 39.043435 10.577251 6 2.286242
73 9 t 21.576122 23.641604 6 4.777850
74 9 t 17.887974 28.854509 6 2.010876
75 9 t 48.146300 26.105670 6 8.232575
76 9 t 47.222250 34.165345 6 2.594139
77 9 t 3.955955 0.588688 6 4.821621
78 9 t 13.528935 42.850378 6 4.669725
79 9 t 15.983931 46.953461 6 9.121542
80 9 t 0.298872 7.310482 6 7.180036
32 10 w 1.908615 4.076576 10.000000 1 6 0.458821
33 10 w 37.061923 29.245577 10.000000 1 6 0.557981
34 10 w 35.975932 31.639590 10.000000 1 6 0.407375
35 10 w 22.192684 1.058128 10.000000 1 6 0.557593
36 10 w 16.471745 40.061979 10.000000 1 6 0.475854
37 10 w 38.068315 47.088358 10.000000 1 6 0.385779
38 10 w 32.386638 48.857341 10.000000 1 6 0.481897
81 10 t 44.495266 32.377989 6 7.708146
82 10 t 13.866499 14.111089 6 4.338276
83 10 t 46.017505 45.631622 6 6.151616
39 11 w 36.622253 9.201177 10.000000 1 6 0.478310
84 11 t 8.908553 27.951685 6 4.760132
85 11 t 17.295863 19.001320 6 6.584160
86 11 t 26.110338 16.201410 6 9.162600
87 11 t 48.897066 34.176618 6 5.309149
88 11 t 34.422629 13.609855 6 5.054568
89 11 t 32.011757 35.132673 6 8.878629
90 11 t 11.860054 36.068618 6 9.368563
91 11 t 30.170945 45.409963 6 4.874792
40 12 w 36.066707 6.685246 10.000000 1 6 0.489915
92 12 t 41.575486 2.733042 6 6.999654
93 12 t 29.132327 45.556201 6 3.366686
94 12 t 45.068667 45.877788 6 5.515356
95 12 t 12.110430 46.321740 6 8.265266
96 12 t 21.088432 33.678748 6 6.359657
97 12 t 37.993007 19.417183 6 7.843328
98 12 t 23.740306 8.177728 6 8.714430
99 12 t 20.093147 33.023436 6 7.671426
100 12 t 9.762863 7.872971 6 0.784595
41 13 w 20.274988 33.271204 10.000000 1 6 0.463617
42 13 w 47.647700 10.116723 10.000000 1 6 0.434208
101 13 t 16.981788 40.824824 6 3.873427
102 13 t 17.158570 15.636024 6 3.139980
103 13 t 49.088911 20.863956 6 0.596630
104 13 t 17.434041 1.677285 6 0.430334
105 13 t 44.580181 47.886362 6 0.912536
106 13 t 47.366682 14.851750 6 1.849449
107 13 t 23.913146 19.566539 6 4.842159
43 14 w 31.750563 0.763385 10.000000 1 6 0.451510
44 14 w 19.877668 0.365484 10.000000 1 6 0.516693
45 14 w 8.485834 38.379946 10.000000 1 6 0.509475
108 14 t 26.070141 12.740704 6 4.862302
109 14 t 1.559566 35.871043 6 0.687719
110 14 t 13.682888 28.971854 6 4.969246
111 14 t 45.650918 17.136875 6 4.544495
112 14 t 14.048239 42.981420 6 4.555988
113 14 t 44.381854 18.147475 6 0.378767
114 14 t 10.153457 12.178245 6 4.636848
46 15 w 42.734508 6.900567 10.000000 1 6 0.516941
47 15 w 15.615587 31.533832 10.000000 1 6 0.490726
48 15 w 5.208420 30.155922 10.000000 1 6 0.508036
49 15 w 25.738291 34.014463 10.000000 1 6 0.482334
50 15 w 3.920998 0.434714 10.000000 1 6 0.452567
115 15 t 27.834989 19.358709 6 2.114370
116 15 t 30.093121 14.263347 6 4.753031
117 15 t 32.804859 32.744567 6 3.383252
118 15 t 17.441388 6.860500 6 1.067941
119 15 t 49.784951 41.281195 6 4.019103
51 16 w 25.254509 42.225204 10.000000 1 6 0.450472
52 16 w 4.492097 16.297843 10.000000 1 6 0.450443
53 16 w 6.718916 7.218656 10.000000 1 6 0.611657
120 16 t 22.067578 24.074796 6 3.485496
121 16 t 15.767319 30.605757 6 2.858333
122 16 t 33.326626 18.135884 6 1.288966
123 16 t 11.513920 34.812096 6 4.084382
124 16 t 11.622720 47.881682 6 4.021488
125 16 t 17.096247 16.774363 6 2.743684
54 17 w 12.943228 16.183687 10.000000 1 6 0.554273
55 17 w 41.840828 24.846132 10.000000 1 6 0.559919
126 17 t 4.317228 44.657417 6 8.800645
127 17 t 45.263120 15.769581 6 7.712780
128 17 t 9.316367 7.645667 6 8.387523
129 17 t 4.948351 48.944348 6 2.595387
130 17 t 33.559955 24.581376 6 4.075037
131 17 t 44.275683 39.730583 6 9.193697
132 17 t 33.688892 16.157625 6 5.320079
56 18 w 8.141614 20.310212 10.000000 1 6 0.434365
57 18 w 47.285145 39.484933 10.000000 1 6 0.406553
133 18 t 31.060309 43.359193 6 8.632767
134 18 t 2.601083 4.062341 6 9.047955
135 18 t 18.710962 25.843799 6 6.771795
136 18 t 27.355204 24.386083 6 5.812615
137 18 t 13.856468 34.199465 6 7.489205
138 18 t 36.260497 48.970566 6 8.828982
58 19 w 20.470733 27.912109 10.000000 1 6 0.544208
59 19 w 17.804509 44.010543 10.000000 1 6 0.530584
139 19 t 44.877415 47.758865 6 4.245840
140 19 t 12.629044 0.740413 6 5.226417
141 19 t 11.994167 41.118468 6 4.686561
142 19 t 22.660223 6.101227 6 4.466129
143 19 t 22.757448 31.851845 6 7.334314
144 19 t 34.610357 36.313520 6 2.375222
60 20 w 30.088372 10.166541 10.000000 1 6 0.470166
145 20 t 34.024337 6.066525 6 4.158769
146 20 t 17.580391 39.483526 6 6.011905
147 20 t 4.957512 38.863807 6 5.379058
148 20 t 13.050629 33.037667 6 5.779813
149 20 t 17.429082 2.258063 6 7.119103
150 20 t 9.469335 9.114355 6 1.871828
151 20 t 45.205055 20.520338 6 0.330824
61 21 w 25.144153 19.189581 10.000000 1 6 0.569865
62 21 w 27.933345 37.234470 10.000000 1 6 0.532353
152 21 t 10.329799 1.429356 6 2.277823
153 21 t 47.858238 48.476697 6 1.412459
154 21 t 46.492869 11.436371 6 3.053234
155 21 t 5.959525 46.549529 6 2.631431
156 21 t 32.733012 21.133708 6 0.009834
157 21 t 47.956340 8.662880 6 4.262244
158 21 t 41.162444 10.007995 6 2.019701
159 21 t 26.278282 23.771012 6 3.256405
160 21 t 40.746859 43.486021 6 4.187765
161 21 t 35.694263 33.494289 6 0.694422
162 21 t 21.581917 8.366118 6 0.321550
63 22 w 35.552708 43.927511 10.000000 1 6 0.470101
64 22 w 11.880217 36.074542 10.000000 1 6 0.496236
163 22 t 22.009459 41.050540 6 1.326855
164 22 t 23.724372 24.462030 6 3.350310
165 22 t 29.167711 41.390339 6 3.395814
166 22 t 43.773399 31.941987 6 3.928441
167 22 t 44.796961 34.865694 6 4.660474
168 22 t 37.233681 19.436359 6 3.119109
169 22 t 29.903116 7.014293 6 2.452435
65 23 w 5.013421 23.066426 10.000000 1 6 0.610626
66 23 w 20.857687 8.107633 10.000000 1 6 0.459693
170 23 t 38.966507 36.197571 6 1.689874
171 23 t 34.517587 25.622926 6 0.498528
172 23 t 33.821025 38.427940 6 3.037599
173 23 t 6.391550 40.250953 6 1.649132
174 23 t 13.914407 3.852231 6 0.168832
175 23 t 8.025130 39.775247 6 2.214318
176 23 t 13.988240 1.667424 6 4.990388
67 24 w 27.666957 13.669256 10.000000 1 6 0.540756
68 24 w 2.954453 19.587515 10.000000 1 6 0.539148
69 24 w 18.875728 49.616156 10.000000 1 6 0.491199
177 24 t 32.857598 21.490213 6 9.827481
178 24 t 1.469689 8.656288 6 4.214410
179 24 t 21.565144 0.555304 6 8.610609
180 24 t 10.876542 16.874262 6 8.795517
181 24 t 45.942321 12.455360 6 7.207504
182 24 t 5.081850 31.428480 6 9.818209
183 24 t 11.723732 22.248616 6 9.312387
184 24 t 33.236294 30.355840 6 9.057763
70 25 w 6.393454 1.586227 10.000000 1 6 0.479488
71 25 w 33.464261 45.974843 10.000000 1 6 0.495482
72 25 w 28.850344 14.771524 10.000000 1 6 0.446867
73 25 w 12.956069 32.001491 10.000000 1 6 0.456146
185 25 t 32.805232 14.804789 6 3.626749
186 25 t 9.048324 17.330150 6 8.865355
187 25 t 39.082274 34.384671 6 9.078233
188 25 t 5.074496 39.114762 6 4.704316
189 25 t 2.508020 33.187684 6 4.228811
190 25 t 7.882887 21.306622 6 9.572800
74 26 w 25.787524 47.959682 10.000000 1 6 0.527859
75 26 w 8.970088 21.187393 10.000000 1 6 0.480982
76 26 w 22.090234 24.091693 10.000000 1 6 0.461434
77 26 w 26.780205 31.287167 10.000000 1 6 0.517612
191 26 t 2.362383 15.438868 6 3.282478
192 26 t 43.812732 12.498328 6 3.832562
193 26 t 3.802968 21.668664 6 3.605106
194 26 t 15.349917 19.605633 6 8.762886
195 26 t 0.174665 27.433227 6 7.687298
78 27 w 43.793469 14.827975 10.000000 1 6 0.483735
79 27 w 47.143750 14.082980 10.000000 1 6 0.503212
80 27 w 32.229290 4.762412 10.000000 1 6 0.506038
196 27 t 46.427609 47.882966 6 2.930427
197 27 t 32.175161 4.087716 6 4.355736
198 27 t 10.328197 34.888445 6 8.866457
199 27 t 38.649427 17.319694 6 6.963885
200 27 t 36.233373 48.006311 6 1.579450
201 27 t 40.973326 11.072328 6 2.300540
202 27 t 47.491835 14.746503 6 1.187968
81 28 w 38.648542 40.051976 10.000000 1 6 0.425135
82 28 w 38.443561 28.952830 10.000000 1 6 0.448914
203 28 t 13.310071 10.014450 6 0.117371
204 28 t 35.928098 49.891703 6 4.536575
205 28 t 47.292873 45.924120 6 4.944029
206 28 t 47.373231 14.156886 6 4.431858
83 29 w 21.950829 15.204698 10.000000 1 6 0.437754
84 29 w 3.172037 33.457044 10.000000 1 6 0.560416
85 29 w 21.560265 12.470849 10.000000 1 6 0.468764
86 29 w 38.700499 29.961992 10.000000 1 6 0.509858
87 29 w 22.071531 38.500596 10.000000 1 6 0.468285
207 29 t 33.738951 16.332827 6 0.898519
208 29 t 39.554287 26.647500 6 4.819703
209 29 t 42.991399 26.481550 6 3.042531
210 29 t 25.610333 25.251689 6 1.509659
211 29 t 30.003110 29.305799 6 2.424211
212 29 t 25.028292 47.657959 6 3.366941
88 30 w 48.253963 28.186381 10.000000 1 6 0.432729
89 30 w 22.674830 35.271586 10.000000 1 6 0.487799
90 30 w 43.716103 19.942817 10.000000 1 6 0.473367
91 30 w 20.176539 28.604906 10.000000 1 6 0.533421
92 30 w 41.448344 9.697136 10.000000 1 6 0.504184
213 30 t 26.377593 47.933913 6 0.835380
214 30 t 22.591405 36.792449 6 3.362458
215 30 t 5.389019 47.110439 6 0.725870
216 30 t 40.699924 17.161460 6 0.181298
217 30 t 14.738628 7.185096 6 3.739797
218 30 t 10.288768 4.662889 6 4.855182
219 30 t 3.352111 33.998635 6 4.063133
220 30 t 44.717145 22.241307 6 4.332838
221 30 t 43.546373 42.173969 6 3.944002
93 31 w 22.235731 4.469177 10.000000 1 6 0.563368
94 31 w 16.509012 19.404598 10.000000 1 6 0.530739
95 31 w 6.168709 18.483994 10.000000 1 6 0.503610
222 31 t 6.462971 23.645842 6 0.085642
223 31 t 47.656845 26.330659 6 3.919046
96 32 w 20.439644 16.904304 10.000000 1 6 0.442566
97 32 w 9.249081 9.879206 10.000000 1 6 0.567610
224 32 t 35.863845 21.719740 6 2.458409
225 32 t 24.129515 30.407042 6 5.518113
226 32 t 45.051048 18.983270 6 4.104180
227 32 t 38.518083 8.733994 6 2.508856
228 32 t 47.322497 40.308937 6 4.956485
229 32 t 41.513215 29.013647 6 6.711617
230 32 t 35.410762 39.696035 6 6.849246
231 32 t 35.077235 36.618568 6 5.891679
232 32 t 24.674402 16.759429 6 7.956195
233 32 t 45.731332 26.797760 6 6.451736
98 33 w 11.452814 41.626662 10.000000 1 6 0.492309
234 33 t 6.551932 0.613163 6 7.398958
235 33 t 27.107794 47.244383 6 7.337698
236 33 t 16.455615 1.902810 6 6.011218
237 33 t 25.283650 32.291244 6 3.560844
238 33 t 47.564564 33.164333 6 4.702845
239 33 t 49.153435 26.353765 6 7.300762
240 33 t 42.346673 45.864104 6 2.751212
241 33 t 37.483176 18.650772 6 9.253271
99 34 w 38.500027 42.451395 10.000000 1 6 0.444271
100 34 w 13.978636 2.504006 10.000000 1 6 0.510090
101 34 w 9.986518 4.086616 10.000000 1 6 0.589104
102 34 w 40.155011 38.307026 10.000000 1 6 0.601966
242 34 t 37.927257 9.385968 6 9.948612
243 34 t 44.813573 49.798772 6 4.527956
244 34 t 12.263972 43.352733 6 3.860201
245 34 t 14.229079 6.136334 6 8.326846
246 34 t 28.800989 18.883498 6 9.636035
247 35 t 5.364575 36.095662 6 5.357950
248 35 t 41.229732 42.426784 6 5.374470
249 35 t 29.211443 20.964669 6 9.796015
250 35 t 37.883851 6.708193 6 1.597451
251 35 t 36.212048 17.521657 6 2.467601
252 35 t 14.677001 10.552885 6 3.982071
253 35 t 19.375022 47.626621 6 0.428425
254 35 t 37.901672 30.801567 6 0.108059
255 35 t 0.210155 28.050483 6 0.498904
256 35 t 9.530630 38.225144 6 4.012351
103 36 w 19.238879 47.079774 10.000000 1 6 0.470533
104 36 w 22.077894 26.134766 10.000000 1 6 0.587843
105 36 w 19.493082 7.140553 10.000000 1 6 0.496699
257 36 t 3.025238 46.748806 6 0.629753
258 36 t 10.903762 46.330356 6 1.248710
259 36 t 37.591325 22.492588 6 2.708936
260 36 t 46.952344 46.638620 6 3.763059
261 36 t 13.617656 44.617079 6 3.713062
262 36 t 6.736057 26.226249 6 3.664971
263 36 t 2.540205 46.405009 6 0.909671
264 36 t 18.581986 36.125931 6 4.716075
265 36 t 18.876903 18.909993 6 0.343637
266 36 t 2.582435 48.375289 6 2.006477
267 36 t 46.905332 27.797737 6 1.223692
268 36 t 39.162780 26.824661 6 3.626513
106 37 w 1.929054 34.894241 10.000000 1 6 0.418423
107 37 w 6.967650 20.359308 10.000000 1 6 0.629264
108 37 w 4.645476 15.311289 10.000000 1 6 0.521786
269 37 t 24.129141 4.110510 6 1.138233
270 37 t 23.764950 26.934758 6 2.388381
271 37 t 4.078449 47.060237 6 4.757032
272 37 t 36.268097 6.863782 6 1.261027
109 38 w 24.867844 6.439594 10.000000 1 6 0.475933
110 38 w 40.071993 13.871632 10.000000 1 6 0.553917
111 38 w 17.373041 25.519726 10.000000 1 6 0.562102
112 38 w 37.583306 29.226802 10.000000 1 6 0.438958
273 38 t 0.690981 10.438497 6 1.476514
274 38 t 6.856272 41.477981 6 1.689720
275 38 t 31.992143 19.849034 6 2.826745
276 38 t 46.337891 14.804911 6 2.487960
277 38 t 18.938142 9.476377 6 9.107289
278 38 t 24.685646 40.906703 6 3.405805
279 38 t 9.417616 44.910157 6 7.485040
280 38 t 30.480488 36.420290 6 4.258271
113 39 w 32.151385 2.452821 10.000000 1 6 0.596323
114 39 w 9.679387 28.580076 10.000000 1 6 0.413877
115 39 w 37.222480 41.629773 10.000000 1 6 0.459825
116 39 w 0.308395 9.513018 10.000000 1 6 0.458727
281 39 t 32.231240 41.371317 6 8.815154
282 39 t 41.168036 28.557602 6 6.179840
283 39 t 8.612889 0.477353 6 2.900922
284 39 t 43.959574 43.112309 6 8.447996
285 39 t 9.926413 47.992720 6 2.100676
286 39 t 29.949953 34.352348 6 5.183415
287 39 t 33.305017 41.724734 6 7.269680
288 39 t 35.136649 11.586138 6 5.831390
289 39 t 34.935041 13.772468 6 6.321045
290 39 t 26.716235 12.993996 6 3.141712
117 40 w 45.242266 2.326017 10.000000 1 6 0.499972
118 40 w 46.835696 25.817827 10.000000 1 6 0.397783
291 40 t 3.522378 25.095826 6 7.200800
292 40 t 20.939736 23.270657 6 7.315702
293 40 t 36.267898 28.929209 6 9.269366
294 40 t 11.203940 23.831291 6 7.320513
295 40 t 25.304833 39.704021 6 8.787177
296 40 t 42.604365 18.170401 6 3.347991
119 41 w 45.264422 17.120080 10.000000 1 6 0.492298
297 41 t 5.255447 30.470256 6 7.282099
298 41 t 31.823535 14.932959 6 9.971673
299 41 t 49.562177 40.358198 6 3.237365
300 41 t 4.228970 11.445401 6 4.191793
301 41 t 28.461416 21.138296 6 1.106781
120 42 w 15.642903 8.781848 10.000000 1 6 0.474234
121 42 w 26.848500 15.479015 10.000000 1 6 0.601754
122 42 w 29.148058 28.550401 10.000000 1 6 0.512109
302 42 t 20.434002 17.181558 6 4.459758
303 42 t 46.042882 23.429166 6 3.843550
304 42 t 13.948468 10.320808 6 3.735130
305 42 t 2.383955 32.324019 6 1.485325
306 42 t 33.561302 48.848693 6 2.997402
123 43 w 12.132007 19.790677 10.000000 1 6 0.510688
124 43 w 22.304884 26.863483 10.000000 1 6 0.501663
125 43 w 19.621399 6.356469 10.000000 1 6 0.420377
126 43 w 19.636505 48.984307 10.000000 1 6 0.437255
307 43 t 43.934823 31.658149 6 4.400696
308 43 t 40.364850 45.742764 6 1.979177
309 43 t 31.666606 26.652195 6 0.292952
310 43 t 48.495823 8.432640 6 0.381297
311 43 t 14.730979 48.772512 6 0.092808
312 43 t 3.208282 33.028087 6 4.218938
313 43 t 6.930205 36.356549 6 3.602461
314 43 t 18.353649 2.666465 6 0.184118
127 44 w 46.432964 7.114405 10.000000 1 6 0.554678
128 44 w 43.159415 14.168591 10.000000 1 6 0.529590
129 44 w 1.492799 39.070130 10.000000 1 6 0.512673
130 44 w 32.450472 16.323451 10.000000 1 6 0.473282
131 44 w 27.946128 23.952215 10.000000 1 6 0.410398
315 44 t 6.094572 14.322385 6 2.984249
316 44 t 5.408924 49.985341 6 3.858859
317 44 t 1.475321 42.165120 6 1.276445
318 44 t 31.690451 5.378740 6 4.228511
319 44 t 28.999818 36.337676 6 4.411959
320 44 t 47.353893 5.882046 6 0.404942
132 45 w 24.584087 32.152340 10.000000 1 6 0.415798
133 45 w 17.652522 10.869611 10.000000 1 6 0.585490
134 45 w 17.992718 42.514149 10.000000 1 6 0.451254
135 45 w 1.762698 23.822283 10.000000 1 6 0.568872
136 45 w 28.785738 21.034576 10.000000 1 6 0.427019
321 45 t 33.923225 29.329250 6 1.965249
322 45 t 24.794311 45.957429 6 1.040321
323 45 t 41.346130 30.931574 6 3.472035
324 45 t 39.841931 3.904632 6 1.235068
325 45 t 7.055281 14.908800 6 2.388858
326 45 t 14.326402 14.137083 6 5.063759
327 45 t 36.102884 30.992223 6 4.994681
137 46 w 1.209917 44.056530 10.000000 1 6 0.476679
138 46 w 43.122178 16.601433 10.000000 1 6 0.465705
139 46 w 28.936814 3.975175 10.000000 1 6 0.431786
140 46 w 38.477781 22.949889 10.000000 1 6 0.507494
328 46 t 28.244820 5.414756 6 6.162002
329 46 t 33.164683 23.837528 6 7.525253
330 46 t 16.887964 0.443218 6 8.466988
331 46 t 43.686113 40.030330 6 3.895893
332 46 t 24.278336 41.830770 6 2.224004
333 46 t 15.377838 36.868123 6 6.998564
334 46 t 5.978827 38.677089 6 9.820923
335 46 t 46.987558 48.515603 6 3.700780
336 46 t 27.686865 6.792981 6 8.697019
337 46 t 31.129427 17.796555 6 4.435441
338 46 t 43.975099 37.897690 6 6.843782
141 47 w 9.470792 43.128633 10.000000 1 6 0.504290
339 47 t 29.152110 29.434011 6 3.625719
340 47 t 38.796832 13.999052 6 7.539101
341 47 t 32.410997 27.567572 6 8.926696
342 47 t 27.428214 23.583707 6 5.999578
343 47 t 16.720983 12.524177 6 5.113464
344 47 t 10.490219 20.191962 6 5.716799
345 47 t 41.097569 44.189404 6 4.126676
346 47 t 4.666495 37.119035 6 3.476268
142 48 w 37.219310 48.815182 10.000000 1 6 0.612093
143 48 w 20.987449 18.888166 10.000000 1 6 0.608866
144 48 w 22.155475 41.016023 10.000000 1 6 0.473265
347 48 t 25.103666 19.097624 6 8.881976
348 48 t 11.379594 33.016287 6 9.810168
349 48 t 8.537795 21.344213 6 3.019565
350 48 t 14.763572 4.060605 6 2.545279
351 48 t 20.880174 2.422398 6 1.767679
145 49 w 33.153975 31.553863 10.000000 1 6 0.486786
146 49 w 4.221991 19.106989 10.000000 1 6 0.428621
147 49 w 16.726866 14.338952 10.000000 1 6 0.462604
148 49 w 3.047274 29.552073 10.000000 1 6 0.543232
352 49 t 3.439715 38.777982 6 2.494608
353 49 t 2.276430 5.015639 6 2.258804
354 49 t 22.067829 5.789701 6 1.962264
355 49 t 49.921821 4.004512 6 3.729849
356 49 t 44.415862 12.386888 6 1.582023
357 49 t 15.986013 29.594532 6 0.543626
358 49 t 14.081390 49.851787 6 3.879626
149 50 w 0.305317 40.311469 10.000000 1 6 0.380106
150 50 w 36.063706 30.005116 10.000000 1 6 0.592081
151 50 w 3.347310 21.735038 10.000000 1 6 0.549864
152 50 w 42.380876 29.000029 10.000000 1 6 0.455915
359 50 t 37.949029 20.233580 6 3.209873
360 50 t 49.432204 10.437579 6 3.476757
361 50 t 12.680747 8.909983 6 3.905894
362 50 t 1.248374 44.287150 6 3.545391
363 50 t 15.644400 37.621989 6 0.613345
153 51 w 28.523002 35.133013 10.000000 1 6 0.481167
154 51 w 31.497726 11.707761 10.000000 1 6 0.432580
155 51 w 7.907009 10.014212 10.000000 1 6 0.580207
156 51 w 20.777062 18.203166 10.000000 1 6 0.447321
157 51 w 12.419745 28.976674 10.000000 1 6 0.535693
158 51 w 8.904054 22.026768 10.000000 1 6 0.580749
159 51 w 48.678110 18.210889 10.000000 1 6 0.549320
160 51 w 0.466433 45.683225 10.000000 1 6 0.451548
364 51 t 42.526474 14.347661 6 4.097894
365 51 t 13.598742 48.190213 6 1.853022
366 51 t 22.606872 19.613222 6 1.824285
367 51 t 33.990286 37.441110 6 1.337988
161 52 w 3.204052 5.050621 10.000000 1 6 0.507214
162 52 w 12.669267 46.278539 10.000000 1 6 0.492693
163 52 w 43.650998 7.820652 10.000000 1 6 0.459268
368 52 t 23.372538 39.913151 6 2.397888
369 52 t 10.765303 43.755541 6 1.645715
370 52 t 12.774912 3.138451 6 3.236439
371 52 t 26.359623 37.091705 6 2.700309
372 52 t 15.027404 16.533626 6 3.874919
373 52 t 2.877231 6.335774 6 1.325399
164 53 w 14.159303 41.146363 10.000000 1 6 0.455123
165 53 w 38.546289 37.784208 10.000000 1 6 0.497816
374 53 t 4.127370 41.883261 6 0.039679
375 53 t 30.085305 49.608257 6 4.885966
376 53 t 26.109473 48.320529 6 6.233979
377 53 t 40.278142 2.765300 6 6.746938
166 54 w 28.145809 9.621204 10.000000 1 6 0.512125
167 54 w 10.686843 9.022716 10.000000 1 6 0.560231
378 54 t 35.044521 41.668313 6 9.955916
379 54 t 34.307414 10.650392 6 8.381424
380 54 t 10.300316 23.773255 6 9.956429
381 54 t 7.084397 36.772092 6 2.298303
382 54 t 30.686136 20.237030 6 5.630551
383 54 t 20.515683 6.317459 6 7.614569
384 54 t 40.085630 39.210176 6 6.369800
168 55 w 42.191889 18.102747 10.000000 1 6 0.460559
169 55 w 2.795418 48.006507 10.000000 1 6 0.465140
170 55 w 0.410393 10.568678 10.000000 1 6 0.584338
171 55 w 7.555063 8.529007 10.000000 1 6 0.484911
385 55 t 13.511893 2.968014 6 4.283219
386 55 t 9.381086 30.819408 6 5.208546
387 55 t 38.572915 24.112485 6 5.350255
388 55 t 40.748633 0.914625 6 3.141505
389 55 t 2.382826 1.151978 6 2.885697
172 56 w 24.073118 48.692736 10.000000 1 6 0.539204
173 56 w 49.837817 11.922822 10.000000 1 6 0.452429
174 56 w 9.912837 12.692660 10.000000 1 6 0.544310
175 56 w 15.350897 13.288970 10.000000 1 6 0.445355
176 56 w 18.214283 42.191820 10.000000 1 6 0.482424
177 56 w 44.854609 33.341582 10.000000 1 6 0.481725
390 56 t 5.982184 37.437414 6 5.909490
391 56 t 37.062250 33.594842 6 3.431055
392 56 t 24.238935 22.321822 6 3.766926
393 56 t 24.015440 12.732587 6 9.042024
394 56 t 43.015242 44.058907 6 4.502083
395 56 t 12.749137 46.022578 6 7.289491
396 56 t 21.587266 20.022857 6 2.757356
397 56 t 7.450843 25.557045 6 8.961553
398 56 t 1.006288 2.972566 6 6.514218
399 56 t 10.209540 22.678483 6 6.747448
400 56 t 26.564773 18.232298 6 3.433108
178 57 w 24.740279 35.686457 10.000000 1 6 0.459175
179 57 w 47.358126 28.656216 10.000000 1 6 0.531151
180 57 w 36.168136 21.080061 10.000000 1 6 0.427007
181 57 w 10.214484 2.179423 10.000000 1 6 0.547238
401 57 t 24.854742 25.653144 6 3.185188
402 57 t 2.665612 33.871191 6 1.264341
403 57 t 45.370311 20.302210 6 4.475355
404 57 t 11.987040 16.481209 6 3.747259
405 57 t 24.558764 17.490902 6 1.832876
406 57 t 23.492422 16.638735 6 4.678339
182 58 w 8.319322 41.440306 10.000000 1 6 0.543257
183 58 w 13.333017 27.875005 10.000000 1 6 0.537294
184 58 w 32.796371 22.814894 10.000000 1 6 0.579706
185 58 w 43.529284 16.956897 10.000000 1 6 0.477343
186 58 w 4.863293 13.547148 10.000000 1 6 0.576566
407 58 t 45.077832 32.934843 6 3.044047
408 58 t 9.941226 18.181597 6 2.715382
409 58 t 34.070855 41.895331 6 4.483112
410 58 t 38.161337 44.640620 6 1.536006
411 58 t 46.503371 43.580953 6 0.692473
187 59 w 31.983910 5.604510 10.000000 1 6 0.440185
188 59 w 33.956766 11.879198 10.000000 1 6 0.525051
189 59 w 29.765509 20.836351 10.000000 1 6 0.489286
190 59 w 22.920443 7.552266 10.000000 1 6 0.495421
412 59 t 23.638072 15.887300 6 4.774327
413 59 t 32.843925 27.137447 6 2.668569
414 59 t 18.013942 10.581177 6 4.578121
415 59 t 2.498505 17.447539 6 3.455008
416 59 t 41.836958 15.602611 6 3.740674
417 59 t 9.702098 15.262615 6 0.515754
418 59 t 8.719432 29.321142 6 1.120583
191 60 w 26.393770 46.071918 10.000000 1 6 0.467074
192 60 w 7.855473 28.801079 10.000000 1 6 0.510120
193 60 w 17.228968 40.937298 10.000000 1 6 0.532932
194 60 w 37.339106 39.615567 10.000000 1 6 0.452424
419 60 t 31.641885 11.054603 6 3.377592
420 60 t 19.802508 23.999565 6 0.861686
421 60 t 25.859300 42.080587 6 3.378382
422 60 t 21.605268 31.370866 6 0.426982
423 60 t 34.797625 44.627101 6 2.417734
424 60 t 3.239816 28.177529 6 2.763963
195 61 w 20.340435 31.481633 10.000000 1 6 0.427138
196 61 w 4.348681 26.397374 10.000000 1 6 0.581524
197 61 w 47.845277 33.029105 10.000000 1 6 0.601568
425 61 t 13.236985 5.031906 6 3.739788
426 61 t 14.053100 42.390453 6 9.743149
427 61 t 8.394315 23.630776 6 9.550513
428 61 t 40.263637 13.426010 6 7.740378
429 61 t 39.097562 36.055049 6 3.604983
198 62 w 49.528092 2.156505 10.000000 1 6 0.460040
199 62 w 47.529771 47.999641 10.000000 1 6 0.486741
200 62 w 24.125354 11.891129 10.000000 1 6 0.457067
201 62 w 42.850888 20.310004 10.000000 1 6 0.563363
430 62 t 23.655091 33.946264 6 5.112227
431 62 t 43.902937 13.345680 6 9.521042
432 62 t 14.842840 19.473376 6 7.784932
433 62 t 27.519163 2.262075 6 2.984785
434 62 t 42.017834 10.092954 6 2.851378
202 63 w 7.436480 46.731664 10.000000 1 6 0.523508
203 63 w 29.907608 19.064359 10.000000 1 6 0.523574
435 63 t 8.408088 34.260034 6 9.103130
436 63 t 18.284591 32.685400 6 6.951818
437 63 t 29.949709 15.880235 6 5.090385
204 64 w 36.028036 43.792680 10.000000 1 6 0.543145
205 64 w 28.664662 15.118615 10.000000 1 6 0.547619
206 64 w 22.038152 46.950122 10.000000 1 6 0.576002
207 64 w 46.728266 40.178604 10.000000 1 6 0.506160
208 64 w 29.392707 26.674342 10.000000 1 6 0.512569
438 64 t 36.051007 43.857858 6 6.533216
439 64 t 34.694714 21.193495 6 8.378948
440 64 t 36.033948 3.120325 6 9.050424
441 64 t 13.112879 25.635320 6 3.982802
442 64 t 37.387288 8.959579 6 4.056563
443 64 t 16.083276 3.882059 6 3.366292
209 65 w 10.034833 27.910404 10.000000 1 6 0.502143
210 65 w 24.984350 24.132387 10.000000 1 6 0.494629
211 65 w 31.171563 41.659697 10.000000 1 6 0.496698
212 65 w 35.210566 5.891532 10.000000 1 6 0.389735
213 65 w 41.301788 44.302340 10.000000 1 6 0.514363
444 65 t 4.060294 25.188668 6 2.321495
445 65 t 14.422088 22.629062 6 3.928849
214 66 w 48.297156 18.904424 10.000000 1 6 0.500756
446 66 t 42.045432 42.357148 6 7.215344
447 66 t 46.222609 44.317391 6 9.899153
448 66 t 43.243066 17.340510 6 9.967073
449 66 t 42.495915 14.490955 6 2.023882
450 66 t 42.247188 32.425505 6 4.329702
451 66 t 38.514464 37.295745 6 2.115840
452 66 t 3.046361 0.388571 6 4.400377
215 67 w 16.869220 30.212278 10.000000 1 6 0.580205
216 67 w 40.509358 21.808962 10.000000 1 6 0.563697
217 67 w 5.551375 31.477078 10.000000 1 6 0.463815
453 67 t 34.111476 37.782907 6 3.151493
454 67 t 18.673931 34.769329 6 4.313684
455 67 t 48.749099 40.379859 6 2.368233
456 67 t 41.615279 1.994556 6 3.340643
457 67 t 46.543861 49.155965 6 4.905756
458 67 t 42.840203 25.470246 6 3.875980
459 67 t 2.814421 22.398436 6 0.346047
460 67 t 40.179008 6.716493 6 1.904669
218 68 w 23.628670 43.808613 10.000000 1 6 0.498084
219 68 w 30.467433 0.328510 10.000000 1 6 0.512761
461 68 t 2.896951 15.636083 6 0.866627
462 68 t 46.701326 14.649112 6 0.904678
463 68 t 31.308740 37.134982 6 1.418727
464 68 t 36.244918 45.891230 6 4.293389
465 68 t 46.981620 16.368357 6 1.334333
466 68 t 13.179873 28.602578 6 4.009955
467 68 t 39.712683 48.606651 6 3.931585
220 69 w 8.655396 34.966989 10.000000 1 6 0.537142
221 69 w 8.641562 8.491156 10.000000 1 6 0.502364
222 69 w 8.332698 3.761823 10.000000 1 6 0.508139
223 69 w 26.378866 3.162491 10.000000 1 6 0.489130
224 69 w 39.937690 34.648582 10.000000 1 6 0.447514
468 69 t 10.650050 23.409263 6 0.041115
469 69 t 20.826839 49.380501 6 1.811602
470 69 t 28.280942 26.562391 6 3.431497
471 69 t 25.116134 28.713099 6 2.105752
472 69 t 49.698535 32.072339 6 0.635420
473 69 t 5.367242 43.173138 6 3.657627
474 69 t 17.696266 5.644590 6 0.965238
475 69 t 20.297330 41.909930 6 8.131530
476 69 t 3.109642 43.237993 6 2.772606
225 70 w 49.133295 29.289503 10.000000 1 6 0.488686
226 70 w 43.921673 29.472969 10.000000 1 6 0.524050
227 70 w 9.965092 3.285548 10.000000 1 6 0.576098
228 70 w 1.021945 21.571468 10.000000 1 6 0.538107
229 70 w 39.218535 16.835391 10.000000 1 6 0.524713
230 70 w 49.127296 14.541042 10.000000 1 6 0.547000
477 70 t 7.970320 36.728401 6 3.583455
478 70 t 0.697569 17.656890 6 7.229197
479 70 t 17.622053 19.101457 6 2.223036
231 71 w 18.505545 27.424325 10.000000 1 6 0.425771
232 71 w 29.038421 20.305590 10.000000 1 6 0.467263
233 71 w 39.954637 3.037869 10.000000 1 6 0.412295
480 71 t 14.239126 45.385783 6 5.718601
481 71 t 48.385761 22.466559 6 3.560641
482 71 t 20.617647 44.516082 6 6.884593
483 71 t 31.019842 44.375075 6 9.309246
484 71 t 38.940252 33.118360 6 8.332177
485 71 t 14.975959 40.107467 6 7.127669
486 71 t 21.884720 11.706066 6 4.396077
487 71 t 4.099597 32.036298 6 2.129058
234 72 w 36.810143 31.243020 10.000000 1 6 0.526760
235 72 w 20.037725 9.994657 10.000000 1 6 0.536520
236 72 w 8.854873 9.438361 10.000000 1 6 0.496797
488 72 t 43.141439 39.102091 6 9.075255
489 72 t 17.337805 40.996685 6 6.148258
490 72 t 34.805499 39.316311 6 3.454531
491 72 t 5.599128 34.639223 6 9.817404
492 72 t 5.673655 4.849042 6 9.605197
493 72 t 17.135545 27.864656 6 6.278288
494 72 t 5.502679 29.316060 6 3.049865
495 72 t 37.123359 0.752537 6 4.343190
237 73 w 31.983798 9.596517 10.000000 1 6 0.548963
238 73 w 2.399808 4.206092 10.000000 1 6 0.578083
239 73 w 25.377777 8.969271 10.000000 1 6 0.559480
240 73 w 48.593516 36.075961 10.000000 1 6 0.480705
496 73 t 31.926513 48.276426 6 7.516404
497 73 t 43.797068 42.975982 6 4.758597
498 73 t 25.940440 27.413775 6 3.220587
499 73 t 42.948081 16.954972 6 9.930686
500 73 t 7.985172 33.630076 6 3.547996
501 73 t 39.511057 2.643143 6 2.560063
241 74 w 15.246977 27.364362 10.000000 1 6 0.476701
242 74 w 45.872501 5.005505 10.000000 1 6 0.654288
243 74 w 2.655396 11.551601 10.000000 1 6 0.525275
502 74 t 1.589461 44.415348 6 1.392499
503 74 t 39.671030 38.950966 6 4.672198
504 74 t 27.877102 12.904499 6 4.467207
505 74 t 15.515326 18.059344 6 0.856729
506 74 t 6.531644 14.468705 6 0.391813
507 74 t 11.459399 27.184771 6 4.124545
508 74 t 44.685864 37.856560 6 1.182964
509 74 t 47.963171 39.709636 6 4.719286
510 74 t 34.859094 23.948683 6 4.272778
244 75 w 29.418372 5.877581 10.000000 1 6 0.548179
245 75 w 30.125448 25.436972 10.000000 1 6 0.437717
246 75 w 47.193850 41.295334 10.000000 1 6 0.445422
247 75 w 20.966551 0.297018 10.000000 1 6 0.519353
248 75 w 23.806019 46.351163 10.000000 1 6 0.548771
511 75 t 34.423043 16.523422 6 4.793517
512 75 t 35.946017 43.855173 6 4.439040
513 75 t 15.708543 33.117848 6 3.120347
249 76 w 24.858396 36.498049 10.000000 1 6 0.498544
250 76 w 25.544751 40.860636 10.000000 1 6 0.598719
251 76 w 4.695659 24.169314 10.000000 1 6 0.561366
252 76 w 40.395315 41.337470 10.000000 1 6 0.460217
253 76 w 13.172072 42.569494 10.000000 1 6 0.409848
254 76 w 38.855444 13.102834 10.000000 1 6 0.480836
255 76 w 25.026235 29.456611 10.000000 1 6 0.470419
514 76 t 47.514333 19.156197 6 1.517870
515 76 t 16.268687 13.093159 6 3.711037
516 76 t 45.740074 18.627190 6 0.410964
517 76 t 4.803380 1.333958 6 2.674249
518 76 t 47.681311 24.786360 6 2.745988
519 76 t 8.695635 36.920863 6 2.300326
520 76 t 33.329651 24.530337 6 0.406363
521 76 t 2.941591 2.994050 6 3.776585
256 77 w 37.050266 22.491512 10.000000 1 6 0.528509
257 77 w 14.569721 46.857460 10.000000 1 6 0.566424
258 77 w 7.175962 21.631631 10.000000 1 6 0.485526
522 77 t 29.503601 26.052278 6 2.416745
523 77 t 47.586227 15.027172 6 4.989546
524 77 t 39.037344 26.004633 6 4.867918
525 77 t 41.706903 7.039208 6 5.414578
526 77 t 23.599624 26.488811 6 3.820790
259 78 w 26.812141 5.034121 10.000000 1 6 0.528071
260 78 w 39.365500 0.651693 10.000000 1 6 0.534805
261 78 w 6.943243 5.771498 10.000000 1 6 0.458779
262 78 w 14.603935 42.578995 10.000000 1 6 0.429309
263 78 w 49.778015 16.526393 10.000000 1 6 0.520744
527 78 t 0.024256 31.095592 6 9.073059
528 78 t 45.818251 20.681965 6 3.054294
529 78 t 41.869603 9.869020 6 7.920178
530 78 t 42.996754 31.992720 6 7.861772
531 78 t 18.086982 46.453576 6 4.129673
532 78 t 33.885268 46.793933 6 2.667556
264 79 w 23.358188 3.979536 10.000000 1 6 0.545078
265 79 w 32.149810 28.369977 10.000000 1 6 0.469026
266 79 w 2.239175 12.614482 10.000000 1 6 0.511869
267 79 w 18.496974 37.138533 10.000000 1 6 0.548818
533 79 t 2.145181 0.794291 6 2.864515
534 79 t 42.253526 13.396147 6 6.014249
535 79 t 37.162296 38.176549 6 5.208821
536 79 t 20.989840 10.906421 6 6.593317
537 79 t 0.876240 22.073722 6 3.049225
538 79 t 13.500277 19.437563 6 3.159532
539 79 t 30.433616 0.272453 6 3.153368
540 79 t 7.540411 9.056745 6 6.955156
268 80 w 49.630373 36.836105 10.000000 1 6 0.476388
269 80 w 44.304398 6.754897 10.000000 1 6 0.449970
270 80 w 46.342373 1.172134 10.000000 1 6 0.409688
271 80 w 40.317530 12.870696 10.000000 1 6 0.513901
541 80 t 23.276884 20.645957 6 3.607369
542 80 t 34.828189 26.654221 6 9.625118
543 80 t 16.839610 31.518431 6 2.063274
544 80 t 4.046719 27.152912 6 4.109784
545 80 t 12.219164 43.366638 6 5.602677
546 80 t 46.764698 1.961079 6 7.316398
547 80 t 15.266531 20.872770 6 4.821095
548 80 t 29.306582 12.572875 6 7.539864
549 80 t 5.655555 13.735224 6 7.856112
550 80 t 17.917447 42.222140 6 4.471857
551 80 t 40.373763 6.716757 6 1.620461
552 80 t 18.967479 48.715892 6 3.978659
553 80 t 35.180238 19.636553 6 1.170035
554 80 t 42.971036 5.598895 6 0.326411
555 80 t 17.035741 25.294289 6 4.096287
272 81 w 13.209005 1.219771 10.000000 1 6 0.570303
273 81 w 43.978214 45.953137 10.000000 1 6 0.517252
274 81 w 16.364542 30.319163 10.000000 1 6 0.460137
275 81 w 3.002257 40.945974 10.000000 1 6 0.509231
276 81 w 13.509612 28.619107 10.000000 1 6 0.490063
556 81 t 37.252646 4.558325 6 4.335905
557 81 t 1.085917 2.387358 6 3.028925
558 81 t 46.500767 13.359678 6 4.970679
559 81 t 17.742613 5.588998 6 3.687204
560 81 t 4.806759 39.073145 6 2.326820
277 82 w 8.418095 2.166665 10.000000 1 6 0.559171
561 82 t 8.161831 45.179011 6 2.936908
562 82 t 4.730196 25.604670 6 2.751548
563 82 t 48.269089 31.981849 6 0.039239
564 82 t 9.440447 0.024875 6 1.456250
565 82 t 42.008062 11.613783 6 2.425343
566 82 t 28.799803 12.831243 6 4.895452
567 82 t 9.999257 47.523205 6 2.181341
278 83 w 28.232302 16.837999 10.000000 1 6 0.563378
279 83 w 4.310546 11.529656 10.000000 1 6 0.569846
280 83 w 20.989919 31.403418 10.000000 1 6 0.560710
281 83 w 3.899603 29.954113 10.000000 1 6 0.484386
568 83 t 7.157302 35.381096 6 2.888176
569 83 t 22.357882 37.849700 6 1.847649
570 83 t 17.753649 24.268139 6 4.127144
282 84 w 42.133576 43.834344 10.000000 1 6 0.464963
283 84 w 8.061621 15.775645 10.000000 1 6 0.500512
284 84 w 7.633176 25.283521 10.000000 1 6 0.490424
571 84 t 27.284552 33.451511 6 2.197944
572 84 t 19.694625 5.524689 6 3.640302
573 84 t 25.897324 13.489929 6 3.057863
574 84 t 31.347678 7.830128 6 3.941637
575 84 t 40.990110 2.413202 6 7.711819
576 84 t 49.456354 29.120164 6 7.713035
577 84 t 38.412394 41.309769 6 7.541453
285 85 w 20.611614 29.677871 10.000000 1 6 0.488264
578 85 t 21.592705 31.059493 6 5.398734
579 85 t 47.706519 11.358092 6 9.013629
580 85 t 36.184537 18.066739 6 3.317484
581 85 t 13.947847 6.202477 6 9.012252
582 85 t 41.370328 12.736360 6 4.023188
286 86 w 47.590589 5.866655 10.000000 1 6 0.394600
287 86 w 18.444200 13.194461 10.000000 1 6 0.479524
288 86 w 2.456525 29.524370 10.000000 1 6 0.459467
583 86 t 32.071989 35.443640 6 6.315005
584 86 t 32.934076 13.060522 6 8.578161
585 86 t 34.467875 48.560856 6 6.081449
586 86 t 23.563524 9.485876 6 9.774277
289 87 w 3.068326 7.711431 10.000000 1 6 0.411152
290 87 w 12.595171 12.138124 10.000000 1 6 0.512251
291 87 w 15.029501 11.619494 10.000000 1 6 0.465500
292 87 w 7.914700 9.586565 10.000000 1 6 0.462884
293 87 w 2.097894 2.674507 10.000000 1 6 0.426471
587 87 t 4.950480 31.464084 6 9.386425
588 87 t 12.909831 21.857985 6 6.538718
589 87 t 2.636112 28.453262 6 9.863725
590 87 t 5.330888 46.814741 6 9.487360
591 87 t 6.768906 44.153348 6 6.546674
294 88 w 28.362130 38.964269 10.000000 1 6 0.537538
295 88 w 9.187651 0.657269 10.000000 1 6 0.503704
296 88 w 3.528503 46.718219 10.000000 1 6 0.542499
297 88 w 13.115457 27.322943 10.000000 1 6 0.466536
592 88 t 39.224021 18.364940 6 3.827430
593 88 t 11.155851 40.459089 6 3.258222
298 89 w 35.339210 17.388591 10.000000 1 6 0.395473
299 89 w 25.431172 24.900144 10.000000 1 6 0.552577
300 89 w 30.639823 40.422697 10.000000 1 6 0.431679
301 89 w 16.286851 4.320983 10.000000 1 6 0.474678
594 89 t 10.637055 16.703652 6 5.213312
595 89 t 16.534731 33.690986 6 2.736867
596 89 t 28.865333 14.871842 6 5.494153
597 89 t 26.353144 49.340862 6 2.381981
598 89 t 35.713111 5.444118 6 9.992491
302 90 w 8.790209 17.749597 10.000000 1 6 0.535056
303 90 w 26.757119 14.015702 10.000000 1 6 0.528770
304 90 w 49.373839 10.188583 10.000000 1 6 0.500681
599 90 t 36.593588 24.006233 6 2.650701
600 90 t 18.474067 33.340322 6 0.275363
601 90 t 22.734074 13.889758 6 2.467023
602 90 t 14.637429 5.350431 6 4.798670
603 90 t 16.238890 19.732234 6 2.439343
305 91 w 37.398204 33.971944 10.000000 1 6 0.560429
306 91 w 31.824678 3.059809 10.000000 1 6 0.564984
307 91 w 41.922714 35.348021 10.000000 1 6 0.467124
308 91 w 0.331361 3.987731 10.000000 1 6 0.483058
604 91 t 31.050610 21.723920 6 2.663552
605 91 t 31.312224 49.460720 6 4.315092
606 91 t 3.415867 12.355468 6 4.265113
607 91 t 7.241278 33.326917 6 1.323739
309 92 w 12.757611 18.469219 10.000000 1 6 0.509242
310 92 w 36.656053 37.035759 10.000000 1 6 0.496921
311 92 w 16.999964 34.138444 10.000000 1 6 0.598938
312 92 w 29.803291 4.560245 10.000000 1 6 0.497963
608 92 t 49.123566 33.468905 6 1.272596
609 92 t 33.507584 22.814488 6 2.287865
610 92 t 15.008538 26.004778 6 1.270925
611 92 t 7.046187 18.148959 6 3.037410
612 92 t 19.500787 11.973111 6 3.580546
613 92 t 3.109863 33.589682 6 2.363556
313 93 w 32.882250 9.798786 10.000000 1 6 0.532776
314 93 w 47.735734 29.880202 10.000000 1 6 0.440090
315 93 w 30.382277 16.076314 10.000000 1 6 0.521319
316 93 w 32.825521 7.577399 10.000000 1 6 0.535474
317 93 w 15.336545 19.360686 10.000000 1 6 0.530784
318 93 w 5.210637 4.731793 10.000000 1 6 0.559877
614 93 t 44.033873 1.676207 6 1.867186
615 93 t 46.905597 35.123121 6 3.220363
616 93 t 27.912656 31.871536 6 4.337532
617 93 t 1.788984 48.362361 6 1.716608
618 93 t 16.921307 27.393590 6 4.665966
619 93 t 27.136228 44.567943 6 3.155584
319 94 w 44.726340 5.426709 10.000000 1 6 0.427621
320 94 w 18.686606 20.661658 10.000000 1 6 0.466358
321 94 w 31.516408 8.984324 10.000000 1 6 0.542758
322 94 w 19.000325 32.511290 10.000000 1 6 0.526475
323 94 w 10.572790 19.890614 10.000000 1 6 0.557339
620 94 t 36.209261 36.292598 6 3.631822
621 94 t 24.761432 40.356632 6 2.049971
622 94 t 37.627128 49.225682 6 1.211101
623 94 t 45.632083 23.038623 6 2.543938
624 94 t 27.297463 12.917511 6 2.859950
625 94 t 7.473242 8.921475 6 6.614422
626 94 t 38.193860 1.229702 6 5.534960
324 95 w 3.909320 23.615147 10.000000 1 6 0.512127
325 95 w 38.500242 42.484410 10.000000 1 6 0.571919
326 95 w 11.127661 29.148900 10.000000 1 6 0.566848
627 95 t 39.158891 20.226777 6 8.739858
628 95 t 43.577716 33.124900 6 5.481288
629 95 t 46.977545 9.709779 6 6.603048
630 95 t 29.858365 39.183978 6 8.748466
631 95 t 31.960677 4.932065 6 8.947278
632 95 t 38.228708 35.480207 6 2.131026
633 95 t 9.413531 1.896253 6 5.110625
634 95 t 0.335068 39.259658 6 3.832315
635 95 t 28.788760 36.614860 6 3.807882
636 95 t 26.754795 3.461476 6 6.731850
637 95 t 41.777997 32.732565 6 4.618233
638 95 t 10.182276 3.635833 6 8.975713
639 95 t 40.549724 36.276467 6 7.923594
327 96 w 49.237388 1.885381 10.000000 1 6 0.539720
328 96 w 29.887592 45.620792 10.000000 1 6 0.581867
329 96 w 7.395792 33.600318 10.000000 1 6 0.522742
640 96 t 48.259715 39.426691 6 8.256688
641 96 t 12.661082 6.307248 6 5.359839
642 96 t 19.692420 49.838093 6 7.014055
643 96 t 11.132809 13.113076 6 7.869891
644 96 t 6.349458 44.730282 6 4.758767
645 96 t 33.360130 47.270579 6 8.577230
330 97 w 43.803722 7.995266 10.000000 1 6 0.479825
331 97 w 13.865076 19.571245 10.000000 1 6 0.450805
332 97 w 1.688825 11.159421 10.000000 1 6 0.525524
333 97 w 0.505986 17.621656 10.000000 1 6 0.499348
334 97 w 42.452834 34.200084 10.000000 1 6 0.577092
646 97 t 32.010885 22.093256 6 2.203253
647 97 t 48.967865 32.624563 6 5.071067
648 97 t 1.626696 5.839229 6 3.889289
649 97 t 41.304850 36.456250 6 9.763866
335 98 w 17.065247 47.028579 10.000000 1 6 0.462558
336 98 w 4.647263 48.226893 10.000000 1 6 0.455942
337 98 w 17.063124 43.379197 10.000000 1 6 0.450333
650 98 t 28.417691 35.201025 6 3.353557
651 98 t 5.287191 32.148966 6 3.740505
652 98 t 33.417279 40.692342 6 3.279394
653 98 t 45.624518 34.640215 6 3.080426
654 98 t 30.182721 31.743930 6 1.585057
655 98 t 22.863710 10.499990 6 2.832876
338 99 w 6.061960 15.064284 10.000000 1 6 0.453459
656 99 t 49.180004 13.543027 6 2.305827
657 99 t 21.472257 26.766700 6 3.663306
658 99 t 20.004115 32.144277 6 0.654698
659 99 t 12.846573 23.873215 6 1.411492
660 99 t 5.637663 25.685108 6 4.326718
661 99 t 36.216462 30.046117 6 3.708680
339 100 w 26.813893 3.425545 10.000000 1 6 0.367416
340 100 w 46.953919 18.861091 10.000000 1 6 0.586845
341 100 w 39.561825 3.784031 10.000000 1 6 0.439014
662 100 t 29.762190 27.815987 6 0.244855
663 100 t 30.598168 39.694622 6 1.537117
664 100 t 3.137419 46.744813 6 4.995887
665 100 t 43.544687 36.515477 6 4.214405
666 100 t 10.591806 6.044566 6 0.216836
667 100 t 44.585266 33.314162 6 3.205824
668 100 t 9.403031 5.887047 6 3.120365
669 100 t 26.255938 26.853106 6 3.513159
342 101 w 17.094449 4.546243 10.000000 1 6 0.544335
343 101 w 28.876922 19.915904 10.000000 1 6 0.480934
670 101 t 12.872179 47.612246 6 4.072551
671 101 t 4.718303 7.003908 6 1.383047
672 101 t 30.013356 28.209117 6 3.413356
673 101 t 23.035055 13.146410 6 1.459045
344 102 w 43.855105 20.832603 10.000000 1 6 0.547671
345 102 w 46.887339 31.184328 10.000000 1 6 0.469962
346 102 w 42.117464 15.736908 10.000000 1 6 0.484326
347 102 w 42.085163 24.378990 10.000000 1 6 0.497318
674 102 t 31.749869 6.712149 6 0.241754
675 102 t 20.089561 46.011745 6 2.329117
676 102 t 23.013333 8.227448 6 8.409617
677 102 t 44.780622 44.460799 6 2.437153
678 102 t 9.559697 6.456411 6 7.746310
679 102 t 33.012297 2.673895 6 9.909759
680 102 t 41.791455 0.109593 6 2.048507
681 102 t 5.464653 45.376649 6 6.317157
682 102 t 27.660651 35.120598 6 9.832713
683 102 t 5.889924 7.993841 6 8.303527
348 103 w 16.001089 17.850780 10.000000 1 6 0.488222
349 103 w 34.389278 19.549284 10.000000 1 6 0.438631
350 103 w 20.620752 1.856842 10.000000 1 6 0.596172
351 103 w 10.618990 18.474539 10.000000 1 6 0.429401
352 103 w 39.313878 24.097786 10.000000 1 6 0.453830
684 103 t 12.913411 10.258953 6 2.303178
685 103 t 13.895912 1.512797 6 3.608745
686 103 t 25.823383 7.099186 6 6.036914
687 103 t 23.315561 15.326449 6 7.381562
353 104 w 34.375606 10.478900 10.000000 1 6 0.460634
354 104 w 16.769472 22.750303 10.000000 1 6 0.535489
688 104 t 0.508483 37.620574 6 5.928734
689 104 t 9.243186 25.583504 6 4.646660
690 104 t 41.796652 31.531123 6 5.208686
691 104 t 4.042834 21.041321 6 2.413236
692 104 t 48.850669 0.876394 6 3.198216
693 104 t 46.034120 28.290114 6 2.658495
694 104 t 26.469049 20.979848 6 9.602996
695 104 t 41.849000 31.680279 6 3.646769
696 104 t 17.458277 39.236605 6 2.534028
697 104 t 34.882672 3.168513 6 8.141155
698 104 t 10.591372 36.481014 6 4.292708
699 104 t 44.751816 31.823813 6 4.153885
700 104 t 27.987113 35.084997 6 1.474538
355 105 w 26.991595 45.340381 10.000000 1 6 0.437970
356 105 w 44.990322 17.945558 10.000000 1 6 0.573427
701 105 t 6.391218 18.860829 6 4.238877
702 105 t 0.273982 44.772163 6 3.986436
703 105 t 2.882901 49.965824 6 4.757200
704 105 t 14.512259 28.610941 6 3.417598
705 105 t 9.240255 0.914894 6 0.314841
706 105 t 13.852474 23.751462 6 3.448769
707 105 t 7.520886 41.531349 6 4.009358
708 105 t 36.796873 15.833485 6 4.318558
709 105 t 3.428132 22.470098 6 4.691525
710 105 t 32.819742 22.483154 6 3.120054
357 106 w 49.497842 40.563074 10.000000 1 6 0.570244
711 106 t 23.267651 14.432483 6 0.169981
712 106 t 41.797344 25.482584 6 4.050066
713 106 t 46.051277 38.120486 6 0.109276
714 106 t 46.995844 46.412917 6 2.753042
715 106 t 7.011784 5.448310 6 3.493727
716 106 t 2.613990 44.428733 6 4.105363
358 107 w 17.809238 0.401942 10.000000 1 6 0.556501
717 107 t 23.947541 4.174037 6 3.025952
718 107 t 28.760059 19.464610 6 1.442020
719 107 t 39.992122 42.066609 6 1.199733
720 107 t 41.857953 12.778137 6 0.312188
721 107 t 2.395010 14.061103 6 2.312100
722 107 t 28.750449 44.417530 6 3.972094
723 107 t 35.451950 14.731098 6 3.688763
724 107 t 6.173286 3.283557 6 1.718713
725 107 t 38.060527 42.949837 6 4.343071
359 108 w 37.276816 29.906499 10.000000 1 6 0.600372
726 108 t 44.216136 44.650766 6 6.429641
727 108 t 21.774611 16.645070 6 4.502884
728 108 t 35.604145 43.171692 6 7.273073
729 108 t 17.705514 14.938293 6 6.812632
360 109 w 44.606013 0.791901 10.000000 1 6 0.549626
361 109 w 33.307785 11.924974 10.000000 1 6 0.528882
730 109 t 49.922403 9.699773 6 9.717631
731 109 t 25.129188 45.518704 6 7.368929
732 109 t 4.250173 1.233571 6 2.415436
362 110 w 9.104078 41.228782 10.000000 1 6 0.494336
363 110 w 0.100580 33.074355 10.000000 1 6 0.461875
364 110 w 48.983520 17.748692 10.000000 1 6 0.485162
365 110 w 36.797281 25.391656 10.000000 1 6 0.558844
366 110 w 26.995343 0.725966 10.000000 1 6 0.548730
367 110 w 33.238548 45.201013 10.000000 1 6 0.534723
368 110 w 42.376917 30.917811 10.000000 1 6 0.534431
733 110 t 33.450463 38.287115 6 4.038697
734 110 t 38.371229 12.172064 6 4.499883
735 110 t 24.460762 14.786429 6 8.836921
736 110 t 23.585950 10.125145 6 7.334695
737 110 t 35.828865 9.206287 6 8.038254
738 110 t 4.666838 6.853428 6 3.933894
739 110 t 6.242001 16.092774 6 8.321259
740 110 t 15.942518 17.572629 6 9.464495
369 111 w 35.322709 37.485009 10.000000 1 6 0.527025
741 111 t 1.769627 16.891563 6 9.511123
742 111 t 8.428777 36.384954 6 9.223556
743 111 t 2.326467 44.833965 6 8.575176
744 111 t 44.384762 41.530828 6 3.385600
745 111 t 11.942084 3.084932 6 3.769991
746 111 t 33.577227 11.267662 6 3.627752
747 111 t 34.614028 39.927860 6 2.113273
748 111 t 23.078573 31.894633 6 3.563128
749 111 t 43.715245 19.693025 6 4.389540
750 111 t 39.474223 41.404047 6 2.058509
370 112 w 18.138637 32.092105 10.000000 1 6 0.517860
751 112 t 5.539434 45.974296 6 3.218543
752 112 t 12.315521 15.723568 6 2.181015
753 112 t 40.527333 27.461352 6 3.907877
371 113 w 1.061940 3.007073 10.000000 1 6 0.593842
754 113 t 27.255636 26.065572 6 1.512586
755 113 t 13.209976 28.317630 6 3.807707
756 113 t 25.925111 47.437147 6 2.580136
757 113 t 42.414397 3.575613 6 0.529913
758 113 t 21.232522 45.291499 6 4.301592
759 113 t 38.034087 8.027653 6 2.000470
372 114 w 0.544828 28.778098 10.000000 1 6 0.614382
373 114 w 40.875596 9.927464 10.000000 1 6 0.526654
374 114 w 49.262164 32.868125 10.000000 1 6 0.516231
375 114 w 31.198317 3.980330 10.000000 1 6 0.416242
376 114 w 22.739554 36.784972 10.000000 1 6 0.606224
377 114 w 19.483836 8.020896 10.000000 1 6 0.461312
760 114 t 1.669876 8.072499 6 3.461668
761 114 t 22.470662 28.151195 6 2.201644
762 114 t 12.700792 30.502494 6 1.267984
763 114 t 20.044399 30.504998 6 4.409511
764 114 t 31.980499 9.634377 6 0.986340
765 114 t 35.790023 36.055697 6 3.735928
378 115 w 5.358796 21.323689 10.000000 1 6 0.545360
379 115 w 34.477032 40.614741 10.000000 1 6 0.546214
380 115 w 23.916047 14.243505 10.000000 1 6 0.544851
381 115 w 6.871756 29.189513 10.000000 1 6 0.525354
766 115 t 14.155791 10.272287 6 2.197308
767 115 t 20.109582 10.078494 6 0.941391
768 115 t 34.243743 20.878807 6 0.002698
769 115 t 2.182748 8.085808 6 2.604208
770 115 t 37.486798 38.317185 6 4.191586
771 115 t 34.723985 34.047858 6 4.128196
772 115 t 43.274041 21.091090 6 0.212834
773 115 t 8.850406 26.337684 6 1.849123
774 115 t 21.205309 9.299965 6 1.979382
382 116 w 17.699797 7.690694 10.000000 1 6 0.414803
383 116 w 16.017011 7.890913 10.000000 1 6 0.458455
384 116 w 25.864599 35.986754 10.000000 1 6 0.603293
775 116 t 31.609337 27.137454 6 7.614115
776 116 t 31.909841 23.826131 6 8.591564
777 116 t 0.177943 38.350597 6 6.796412
778 116 t 49.549053 25.838969 6 3.102853
385 117 w 46.994352 1.206471 10.000000 1 6 0.470231
386 117 w 30.781431 37.088648 10.000000 1 6 0.481234
387 117 w 47.830251 43.816361 10.000000 1 6 0.482226
388 117 w 8.382235 33.761785 10.000000 1 6 0.554156
389 117 w 24.662959 39.112343 10.000000 1 6 0.547746
390 117 w 42.331102 15.768298 10.000000 1 6 0.493413
391 117 w 2.431877 32.841513 10.000000 1 6 0.498712
779 117 t 47.530089 9.727399 6 5.040935
780 117 t 17.705811 39.306927 6 5.200232
781 117 t 10.640129 22.006789 6 8.788041
782 117 t 44.252239 15.871523 6 7.496887
783 117 t 0.131902 15.718817 6 8.281460
784 117 t 20.608387 14.583193 6 7.211217
785 117 t 25.925031 17.383007 6 4.118525
392 118 w 8.331396 49.243788 10.000000 1 6 0.466843
786 118 t 19.877381 39.546113 6 9.051869
787 118 t 10.163000 31.325043 6 2.431339
788 118 t 41.761920 36.294973 6 3.328001
789 118 t 17.823612 6.265731 6 8.974490
790 118 t 3.843053 39.613652 6 8.597929
791 118 t 6.830377 29.223123 6 7.244576
792 118 t 27.009919 34.409879 6 2.562512
793 118 t 5.574171 43.061672 6 6.532662
794 118 t 47.454087 30.490714 6 4.373880
795 118 t 44.766133 5.439203 6 7.355423
796 118 t 30.849030 9.190838 6 8.830656
797 118 t 0.720430 6.302358 6 8.531218
393 119 w 23.839954 17.093499 10.000000 1 6 0.493781
798 119 t 33.062080 26.130723 6 6.677427
799 119 t 27.438736 14.367382 6 7.459841
800 119 t 37.787835 18.280782 6 1.738123
801 119 t 28.907835 40.250110 6 3.346020
802 119 t 44.404143 36.350380 6 1.358201
803 119 t 1.027238 48.835455 6 2.318865
394 120 w 40.732622 24.144428 10.000000 1 6 0.553816
395 120 w 43.602708 22.792292 10.000000 1 6 0.514536
396 120 w 41.395752 29.249688 10.000000 1 6 0.471202
397 120 w 30.939581 27.522274 10.000000 1 6 0.419236
398 120 w 25.305328 4.036652 10.000000 1 6 0.577208
399 120 w 17.858436 43.867455 10.000000 1 6 0.478064
400 120 w 35.907542 29.180207 10.000000 1 6 0.485000
401 120 w 35.808031 45.482337 10.000000 1 6 0.441340
402 120 w 32.191255 38.253558 10.000000 1 6 0.528450
403 120 w 13.886720 18.342145 10.000000 1 6 0.477058
804 120 t 24.153293 40.165712 6 0.660326
805 120 t 36.277795 37.598061 6 0.417655
806 120 t 0.583407 17.899893 6 3.904273
807 120 t 43.387956 44.234038 6 0.955554
808 120 t 26.037357 27.448953 6 1.615099
809 120 t 35.883697 27.589736 6 1.389823
810 120 t 39.367535 19.861540 6 4.631777
811 120 t 35.075377 27.312009 6 0.457294
812 120 t 19.003604 41.415375 6 0.704925
813 120 t 26.487626 49.839288 6 2.362775
404 121 w 16.384682 27.745953 10.000000 1 6 0.468862
405 121 w 0.198805 19.234920 10.000000 1 6 0.446532
406 121 w 26.599351 17.044697 10.000000 1 6 0.548158
814 121 t 2.519373 25.873767 6 1.174276
815 121 t 25.089473 26.441121 6 0.813051
816 121 t 38.953673 3.536710 6 3.527296
817 121 t 28.047066 20.407875 6 4.271616
818 121 t 14.241254 1.391780 6 1.266444
407 122 w 44.393325 16.650789 10.000000 1 6 0.555460
408 122 w 24.805178 9.319727 10.000000 1 6 0.576645
409 122 w 15.539588 34.863297 10.000000 1 6 0.463454
819 122 t 9.031528 25.069017 6 4.031938
820 122 t 35.356050 33.961276 6 4.098352
821 122 t 26.949255 39.835602 6 3.389602
822 122 t 43.274879 34.280422 6 1.872878
823 122 t 48.526393 19.682391 6 0.767098
824 122 t 27.904399 20.423763 6 3.286891
825 122 t 46.483125 7.116713 6 7.872711
410 123 w 18.284484 0.180711 10.000000 1 6 0.408147
411 123 w 38.761161 14.203257 10.000000 1 6 0.558029
412 123 w 36.486736 44.511503 10.000000 1 6 0.437795
826 123 t 26.154942 17.055184 6 8.256844
827 123 t 40.660295 5.045751 6 2.827237
828 123 t 14.538547 22.707266 6 8.134080
829 123 t 12.978110 44.489956 6 2.494782
830 123 t 45.693019 46.341205 6 3.714570
831 123 t 45.217660 43.458754 6 2.897760
832 123 t 28.455956 43.195220 6 3.165355
833 123 t 34.402684 17.221711 6 5.773707
413 124 w 26.080676 36.597695 10.000000 1 6 0.412516
834 124 t 4.775330 7.928758 6 9.809742
835 124 t 12.287269 1.863386 6 7.205509
836 124 t 34.668949 24.823547 6 5.799935
837 124 t 41.119118 20.088742 6 8.945935
838 124 t 36.567435 48.880840 6 2.646020
839 124 t 42.484131 40.535255 6 3.879863
840 124 t 11.100995 49.482790 6 2.274962
841 124 t 23.101984 43.546859 6 8.727141
842 124 t 40.651830 13.220880 6 2.995030
843 124 t 35.518013 32.094210 6 4.148756
844 124 t 22.941984 46.677535 6 8.730750
414 125 w 3.744787 9.618284 10.000000 1 6 0.615439
415 125 w 38.944722 31.125149 10.000000 1 6 0.455947
416 125 w 14.233840 37.938433 10.000000 1 6 0.527981
845 125 t 17.188173 40.707246 6 9.541672
846 125 t 21.070438 19.883168 6 8.021687
847 125 t 25.426756 46.692749 6 7.831392
848 125 t 1.660510 24.266629 6 6.466313
417 126 w 3.385261 33.814054 10.000000 1 6 0.360431
418 126 w 10.486664 15.559971 10.000000 1 6 0.427936
419 126 w 34.674180 13.716234 10.000000 1 6 0.463504
420 126 w 26.389341 39.218186 10.000000 1 6 0.579872
849 126 t 14.968732 39.481157 6 9.632675
850 126 t 3.297562 24.642063 6 3.572873
851 126 t 38.245870 3.993916 6 0.953911
852 126 t 12.753746 0.390282 6 1.758721
853 126 t 32.028755 1.839748 6 1.275203
421 127 w 7.571425 16.981008 10.000000 1 6 0.497667
422 127 w 44.469680 37.978437 10.000000 1 6 0.410258
854 127 t 13.043987 35.054438 6 2.827810
855 127 t 22.393722 22.111938 6 4.271411
856 127 t 28.505571 1.658164 6 4.583856
857 127 t 40.351656 22.641257 6 4.593843
423 128 w 10.831559 41.640488 10.000000 1 6 0.435653
424 128 w 38.340391 27.906052 10.000000 1 6 0.416041
425 128 w 11.189012 6.335869 10.000000 1 6 0.533803
426 128 w 20.924522 27.160014 10.000000 1 6 0.506635
427 128 w 37.394260 49.410578 10.000000 1 6 0.486494
428 128 w 36.188818 14.590617 10.000000 1 6 0.436958
429 128 w 33.295109 14.578993 10.000000 1 6 0.433168
858 128 t 2.752984 20.958879 6 3.486807
859 128 t 20.604514 21.195261 6 2.917763
860 128 t 0.033647 14.555979 6 1.582962
861 128 t 41.766128 43.478615 6 0.748066
862 128 t 6.452447 11.682249 6 2.005029
863 128 t 30.366929 27.396357 6 1.546565
864 128 t 4.808817 40.736075 6 0.603044
865 128 t 40.709430 31.136702 6 0.117951
866 128 t 44.124743 37.626647 6 3.068568
430 129 w 14.887907 6.328843 10.000000 1 6 0.470449
431 129 w 7.089806 44.965450 10.000000 1 6 0.533984
432 129 w 13.686894 33.084117 10.000000 1 6 0.521966
433 129 w 49.470675 27.695998 10.000000 1 6 0.527291
434 129 w 4.814974 30.460190 10.000000 1 6 0.455241
867 129 t 4.923165 37.001593 6 4.587628
868 129 t 48.634385 8.680963 6 3.057922
869 129 t 44.548771 0.175845 6 3.486114
870 129 t 14.744428 39.005697 6 3.386133
435 130 w 37.522402 38.989189 10.000000 1 6 0.423625
436 130 w 9.132733 30.273525 10.000000 1 6 0.564992
437 130 w 6.714539 6.206067 10.000000 1 6 0.451268
438 130 w 32.330142 49.436158 10.000000 1 6 0.507386
439 130 w 32.471480 14.807704 10.000000 1 6 0.539768
871 130 t 3.430016 48.005932 6 0.887907
872 130 t 20.275606 7.162317 6 1.420925
873 130 t 24.222797 32.801617 6 0.467818
874 130 t 2.771689 7.845100 6 3.877920
440 131 w 39.169757 49.917079 10.000000 1 6 0.469794
441 131 w 0.900045 47.780837 10.000000 1 6 0.493915
442 131 w 45.408514 31.207937 10.000000 1 6 0.567318
443 131 w 38.192502 34.977615 10.000000 1 6 0.495638
444 131 w 32.017382 29.693558 10.000000 1 6 0.499039
445 131 w 30.115602 17.732118 10.000000 1 6 0.406509
875 131 t 24.056007 22.359136 6 6.570251
876 131 t 5.327756 44.266919 6 9.624249
877 131 t 49.086825 48.904363 6 5.967909
878 131 t 43.965386 3.638152 6 5.391445
879 131 t 38.228608 13.028994 6 2.173377
446 132 w 21.495945 33.205447 10.000000 1 6 0.506922
447 132 w 23.463440 2.749008 10.000000 1 6 0.418387
448 132 w 22.743419 27.004504 10.000000 1 6 0.460661
449 132 w 34.591451 9.366443 10.000000 1 6 0.480470
450 132 w 6.745073 49.951631 10.000000 1 6 0.427072
451 132 w 44.462909 49.572033 10.000000 1 6 0.472173
880 132 t 24.793187 29.325926 6 4.509870
881 132 t 43.267157 10.554207 6 8.281453
882 132 t 6.867561 15.191029 6 7.452123
883 132 t 21.384645 10.254185 6 2.671513
884 132 t 19.782381 4.592517 6 7.237315
885 132 t 47.266987 20.809623 6 8.815485
452 133 w 40.306678 41.365002 10.000000 1 6 0.576007
453 133 w 12.182327 40.710612 10.000000 1 6 0.533205
454 133 w 39.645878 48.194892 10.000000 1 6 0.550481
455 133 w 9.021613 35.445301 10.000000 1 6 0.537052
456 133 w 4.278667 32.018606 10.000000 1 6 0.562896
886 133 t 8.034140 49.769521 6 7.264570
887 133 t 43.565183 35.909886 6 4.885255
888 133 t 49.062195 46.437457 6 3.766145
889 133 t 23.376112 22.263964 6 5.492723
890 133 t 49.286881 24.810032 6 2.430923
891 133 t 8.684731 2.667993 6 2.823039
892 133 t 40.998439 10.005933 6 7.452263
457 134 w 30.261320 43.055885 10.000000 1 6 0.521907
458 134 w 49.966035 27.914377 10.000000 1 6 0.495219
893 134 t 13.484961 48.409915 6 8.126115
894 134 t 12.736913 29.253584 6 6.536118
895 134 t 21.173150 44.665419 6 7.662819
896 134 t 18.448190 28.385681 6 7.923870
897 134 t 43.851980 29.232925 6 5.524586
898 134 t 21.409153 44.007121 6 5.412647
899 134 t 2.966791 20.604104 6 7.152347
459 135 w 29.989813 48.475035 10.000000 1 6 0.492201
460 135 w 32.266443 14.554784 10.000000 1 6 0.465776
461 135 w 6.448398 34.833217 10.000000 1 6 0.509617
462 135 w 23.408044 18.443564 10.000000 1 6 0.496731
463 135 w 39.178188 49.190834 10.000000 1 6 0.476146
900 135 t 4.686695 20.622452 6 4.370061
901 135 t 47.854098 4.940305 6 4.471651
902 135 t 46.154048 21.654219 6 2.709206
903 135 t 35.824102 12.647468 6 3.251988
904 135 t 21.883219 21.599351 6 1.405766
905 135 t 27.446298 31.325672 6 4.601312
906 135 t 37.871255 45.306670 6 4.129110
907 135 t 32.046011 9.468384 6 0.854757
908 135 t 3.067673 33.092595 6 1.313215
909 135 t 38.206055 0.994237 6 1.989881
464 136 w 16.130762 37.512633 10.000000 1 6 0.506578
465 136 w 5.425862 3.857710 10.000000 1 6 0.602277
910 136 t 7.517174 32.088855 6 4.724387
911 136 t 38.568181 46.711299 6 4.926120
912 136 t 48.043957 36.309658 6 1.296518
913 136 t 46.937846 8.530460 6 4.126505
914 136 t 19.249759 4.472001 6 2.279945
915 136 t 46.316429 27.011321 6 3.782348
916 136 t 7.914331 5.326927 6 1.850312
917 136 t 2.338314 17.829699 6 3.381899
466 137 w 12.473959 18.792360 10.000000 1 6 0.463577
467 137 w 34.183298 15.780562 10.000000 1 6 0.520114
918 137 t 7.830872 24.975927 6 4.621675
919 137 t 28.106750 25.473411 6 3.781812
920 137 t 25.474975 3.088848 6 4.394947
921 137 t 34.673664 2.308750 6 4.515234
922 137 t 17.272178 11.957920 6 0.531556
923 137 t 2.515075 3.115566 6 2.411975
468 138 w 48.635413 40.360709 10.000000 1 6 0.596395
924 138 t 42.497852 31.107478 6 2.446278
925 138 t 27.256291 10.419050 6 5.617440
926 138 t 44.318341 47.272144 6 4.487012
927 138 t 42.070703 21.046698 6 7.953739
928 138 t 45.200480 3.078892 6 4.551951
469 139 w 17.157933 40.038961 10.000000 1 6 0.489526
470 139 w 42.983868 33.532786 10.000000 1 6 0.498257
471 139 w 40.577373 46.024966 10.000000 1 6 0.631626
472 139 w 17.505018 36.608918 10.000000 1 6 0.436380
473 139 w 49.036705 16.314870 10.000000 1 6 0.556746
929 139 t 8.257817 0.037495 6 2.997059
930 139 t 6.832040 32.750087 6 4.032560
931 139 t 49.299337 1.868089 6 2.124068
932 139 t 37.816689 32.941226 6 5.801182
933 139 t 3.602634 22.271907 6 7.456500
934 139 t 5.926221 35.912576 6 5.064348
935 139 t 8.816075 44.192075 6 7.864947
936 139 t 16.624383 11.774372 6 2.381094
474 140 w 23.547297 22.132553 10.000000 1 6 0.531845
475 140 w 32.310553 7.275835 10.000000 1 6 0.539919
476 140 w 42.611032 45.910823 10.000000 1 6 0.370296
477 140 w 36.855749 49.515866 10.000000 1 6 0.462549
478 140 w 6.933195 28.135460 10.000000 1 6 0.468050
937 140 t 7.389184 40.660910 6 9.278180
938 140 t 47.812732 0.962366 6 6.740187
939 140 t 13.315895 6.152252 6 2.975768
940 140 t 47.544230 20.033977 6 6.823252
941 140 t 49.589986 34.760606 6 4.115383
942 140 t 13.457923 23.452107 6 9.180139
943 140 t 18.112725 19.068462 6 6.884359
479 141 w 25.629484 38.411811 10.000000 1 6 0.508040
480 141 w 38.718426 14.309120 10.000000 1 6 0.610137
944 141 t 33.956906 15.961193 6 8.447405
945 141 t 30.627133 20.261754 6 3.088805
946 141 t 36.696439 12.918215 6 4.478890
947 141 t 49.822687 45.147125 6 6.054470
948 141 t 21.238893 42.780566 6 6.641453
949 141 t 47.716972 17.382973 6 6.766730
950 141 t 42.786596 36.495704 6 0.636706
951 141 t 19.093228 44.432913 6 1.422864
952 141 t 4.482179 14.140256 6 3.073581
481 142 w 18.819146 41.975586 10.000000 1 6 0.476923
482 142 w 20.177470 45.504205 10.000000 1 6 0.458122
953 142 t 0.033484 14.430676 6 3.460721
954 142 t 49.521445 26.020396 6 3.115541
955 142 t 8.754695 36.608250 6 4.430659
483 143 w 14.223258 20.205785 10.000000 1 6 0.480586
484 143 w 34.765546 13.716641 10.000000 1 6 0.501682
956 143 t 13.092220 13.024084 6 2.226688
957 143 t 28.272700 25.907623 6 3.738675
958 143 t 15.607502 28.323814 6 1.431187
959 143 t 25.747456 22.826147 6 3.115827
960 143 t 31.074547 35.043933 6 0.003275
961 143 t 3.943693 19.841968 6 4.479146
485 144 w 1.076087 40.484073 10.000000 1 6 0.537931
486 144 w 3.808279 19.998928 10.000000 1 6 0.438694
487 144 w 35.693171 46.213929 10.000000 1 6 0.562174
962 144 t 10.389826 22.870913 6 0.592668
963 144 t 47.510454 19.770119 6 1.965234
488 145 w 24.718654 7.441557 10.000000 1 6 0.473890
489 145 w 33.107739 34.880546 10.000000 1 6 0.597254
490 145 w 29.338987 11.676292 10.000000 1 6 0.417701
964 145 t 32.201702 36.105811 6 3.760808
965 145 t 33.710604 31.119294 6 1.186562
966 145 t 36.391563 1.514566 6 1.598579
967 145 t 49.510180 0.232729 6 0.363910
968 145 t 31.136161 38.424509 6 0.233125
969 145 t 7.783301 19.141049 6 0.395896
970 145 t 25.802105 40.595222 6 3.227669
491 146 w 11.374263 40.801265 10.000000 1 6 0.540048
492 146 w 22.168126 26.087948 10.000000 1 6 0.470949
971 146 t 12.539679 49.065472 6 2.364185
972 146 t 43.342733 0.535408 6 1.212927
973 146 t 10.888003 43.063384 6 4.436729
974 146 t 21.264780 27.426173 6 2.630695
975 146 t 6.126471 39.203572 6 9.220084
976 146 t 31.434905 24.093522 6 8.862883
977 146 t 32.927005 17.925981 6 5.321529
978 146 t 30.787598 8.629943 6 8.232896
979 146 t 11.194358 44.747743 6 3.546242
980 146 t 26.970597 26.052363 6 8.777127
493 147 w 31.120238 12.192143 10.000000 1 6 0.442231
494 147 w 27.540551 12.294216 10.000000 1 6 0.563703
981 147 t 35.361889 48.164689 6 2.599118
982 147 t 20.616362 49.780390 6 9.870921
495 148 w 5.867328 6.339689 10.000000 1 6 0.514838
496 148 w 38.277436 1.697089 10.000000 1 6 0.548809
497 148 w 46.996922 11.569071 10.000000 1 6 0.525685
983 148 t 25.487962 26.726664 6 9.367913
984 148 t 24.316753 41.932696 6 5.942279
985 148 t 3.114662 22.599982 6 9.216708
986 148 t 1.430094 22.640976 6 4.251114
498 149 w 34.591019 9.991073 10.000000 1 6 0.672999
987 149 t 19.311810 28.683561 6 4.834337
988 149 t 32.355407 0.809870 6 5.001847
989 149 t 12.892061 29.570590 6 2.206613
990 149 t 6.561730 2.574998 6 3.790852
991 149 t 9.166876 0.358431 6 6.940724
992 149 t 43.257754 35.716576 6 4.657165
993 149 t 24.915510 19.583042 6 7.606240
499 150 w 3.397716 3.415366 10.000000 1 6 0.512281
994 150 t 32.809288 47.919007 6 7.327468
995 150 t 34.486826 45.987055 6 8.266279
996 150 t 8.118276 47.814067 6 5.115738
997 150 t 37.103097 25.666108 6 5.691036
998 150 t 29.967025 0.727179 6 2.142245
999 150 t 42.103429 13.473345 6 3.259156
